Number of measurement points: 2085
Sample Rate (Hz): 20
Low limit Ch0 (V): -10
Upper limit Ch0 (V): 10
Low limit Ch1 (V): -10
Upper limit Ch1 (V): 10

Index	Time[s]	Ch0[V]	Ch1[V]
0	0	0.00083705154247582	0.904897113330662
1	0.05	-0.0352737640496343	0.904897113330662
2	0.1	-0.0365634360350668	0.904897113330662
3	0.15	-0.0352737640496343	0.904897113330662
4	0.2	-0.0352737640496343	0.904897113330662
5	0.25	-0.0339840920642018	0.904897113330662
6	0.3	-0.0365634360350668	0.904897113330662
7	0.35	-0.0352737640496343	0.904897113330662
8	0.4	-0.0365634360350668	0.904897113330662
9	0.45	-0.0352737640496343	0.904897113330662
10	0.5	-0.0378531080204993	0.904897113330662
11	0.55	-0.0339840920642018	0.904897113330662
12	0.6	-0.0365634360350668	0.904897113330662
13	0.65	-0.0326944200787693	0.904897113330662
14	0.7	-0.0352737640496343	0.904897113330662
15	0.75	-0.0326944200787693	0.904897113330662
16	0.8	-0.0352737640496343	0.904897113330662
17	0.85	-0.0314047480933368	0.904897113330662
18	0.9	-0.0339840920642018	0.904897113330662
19	0.95	-0.0339840920642018	0.904897113330662
20	1	-0.0352737640496343	0.904897113330662
21	1.05	-0.0326944200787693	0.904897113330662
22	1.1	-0.0352737640496343	0.904897113330662
23	1.15	-0.0326944200787693	0.904897113330662
24	1.2	-0.0365634360350668	0.904897113330662
25	1.25	-0.0326944200787693	0.904897113330662
26	1.3	-0.0352737640496343	0.904897113330662
27	1.35	-0.0326944200787693	0.904897113330662
28	1.4	-0.0339840920642018	0.904897113330662
29	1.45	-0.0314047480933368	0.904897113330662
30	1.5	-0.0365634360350668	0.904897113330662
31	1.55	-0.0339840920642018	0.904897113330662
32	1.6	-0.0391427800059319	0.904897113330662
33	1.65	-0.0339840920642018	0.904897113330662
34	1.7	-0.0378531080204993	0.904897113330662
35	1.75	-0.0365634360350668	0.90360744134523
36	1.8	-0.0378531080204993	0.904897113330662
37	1.85	-0.0339840920642018	0.904897113330662
38	1.9	-0.0378531080204993	0.904897113330662
39	1.95	-0.0352737640496343	0.904897113330662
40	2	-0.0378531080204993	0.904897113330662
41	2.05	-0.0391427800059319	0.904897113330662
42	2.1	-0.0391427800059319	0.904897113330662
43	2.15	-0.0352737640496343	0.904897113330662
44	2.2	-0.0391427800059319	0.904897113330662
45	2.25	-0.0378531080204993	0.90360744134523
46	2.3	-0.0378531080204993	0.904897113330662
47	2.35	-0.0365634360350668	0.904897113330662
48	2.4	-0.0378531080204993	0.904897113330662
49	2.45	-0.0378531080204993	0.904897113330662
50	2.5	-0.0365634360350668	0.904897113330662
51	2.55	-0.0339840920642018	0.904897113330662
52	2.6	-0.0391427800059319	0.904897113330662
53	2.65	-0.0365634360350668	0.904897113330662
54	2.7	-0.0404324519913644	0.904897113330662
55	2.75	-0.0339840920642018	0.90360744134523
56	2.8	-0.0378531080204993	0.904897113330662
57	2.85	-0.0365634360350668	0.904897113330662
58	2.9	-0.0365634360350668	0.904897113330662
59	2.95	-0.0352737640496343	0.904897113330662
60	3	-0.0365634360350668	0.904897113330662
61	3.05	-0.0365634360350668	0.904897113330662
62	3.1	-0.0365634360350668	0.904897113330662
63	3.15	-0.0352737640496343	0.904897113330662
64	3.2	-0.0378531080204993	0.904897113330662
65	3.25	-0.0365634360350668	0.904897113330662
66	3.3	-0.0365634360350668	0.904897113330662
67	3.35	-0.0339840920642018	0.904897113330662
68	3.4	-0.0352737640496343	0.904897113330662
69	3.45	-0.0339840920642018	0.904897113330662
70	3.5	-0.0365634360350668	0.906186785316095
71	3.55	-0.0339840920642018	0.904897113330662
72	3.6	-0.0352737640496343	0.904897113330662
73	3.65	-0.0339840920642018	0.904897113330662
74	3.7	-0.0365634360350668	0.904897113330662
75	3.75	-0.0352737640496343	0.904897113330662
76	3.8	-0.0365634360350668	0.904897113330662
77	3.85	-0.0352737640496343	0.904897113330662
78	3.9	-0.0378531080204993	0.904897113330662
79	3.95	-0.0352737640496343	0.904897113330662
80	4	-0.0378531080204993	0.904897113330662
81	4.05	-0.0339840920642018	0.904897113330662
82	4.1	-0.0378531080204993	0.904897113330662
83	4.15	-0.0378531080204993	0.904897113330662
84	4.2	-0.0443014679476619	0.90360744134523
85	4.25	-0.0430117959622294	0.902317769359797
86	4.3	-0.0430117959622294	0.902317769359797
87	4.35	-0.0443014679476619	0.902317769359797
88	4.4	-0.0468808119185269	0.902317769359797
89	4.45	-0.0468808119185269	0.901028097374365
90	4.5	-0.0507498278748244	0.899738425388932
91	4.55	-0.0533291718456894	0.8984487534035
92	4.6	-0.0559085158165544	0.8984487534035
93	4.65	-0.0571981878019869	0.897159081418067
94	4.7	-0.0610672037582844	0.895869409432635
95	4.75	-0.0597775317728519	0.894579737447202
96	4.8	-0.0636465477291495	0.894579737447202
97	4.85	-0.0636465477291495	0.89329006546177
98	4.9	-0.0636465477291495	0.892000393476337
99	4.95	-0.0584878597874194	0.890710721490905
100	5	-0.0636465477291495	0.889421049505472
101	5.05	-0.0597775317728519	0.88813137752004
102	5.1	-0.0610672037582844	0.886841705534607
103	5.15	-0.0597775317728519	0.885552033549175
104	5.2	-0.0559085158165544	0.885552033549175
105	5.25	-0.0559085158165544	0.884262361563742
106	5.3	-0.0559085158165544	0.88297268957831
107	5.35	-0.0494601558893919	0.881683017592877
108	5.4	-0.0507498278748244	0.880393345607445
109	5.45	-0.0468808119185269	0.879103673622012
110	5.5	-0.0430117959622294	0.87781400163658
111	5.55	-0.0404324519913644	0.876524329651147
112	5.6	-0.0443014679476619	0.876524329651147
113	5.65	-0.0391427800059319	0.875234657665715
114	5.7	-0.0391427800059319	0.873944985680282
115	5.75	-0.0365634360350668	0.873944985680282
116	5.8	-0.0378531080204993	0.871365641709417
117	5.85	-0.0365634360350668	0.871365641709417
118	5.9	-0.0378531080204993	0.870075969723985
119	5.95	-0.0378531080204993	0.868786297738552
120	6	-0.0430117959622294	0.86749662575312
121	6.05	-0.0404324519913644	0.866206953767687
122	6.1	-0.0417221239767969	0.864917281782255
123	6.15	-0.0417221239767969	0.864917281782255
124	6.2	-0.0417221239767969	0.863627609796822
125	6.25	-0.0455911399330944	0.86233793781139
126	6.3	-0.0520394998602569	0.861048265825957
127	6.35	-0.0494601558893919	0.861048265825957
128	6.4	-0.0533291718456894	0.859758593840525
129	6.45	-0.0468808119185269	0.859758593840525
130	6.5	-0.0520394998602569	0.858468921855092
131	6.55	-0.0571981878019869	0.858468921855092
132	6.6	-0.0559085158165544	0.85717924986966
133	6.65	-0.0584878597874194	0.855889577884227
134	6.7	-0.0597775317728519	0.855889577884227
135	6.75	-0.0636465477291495	0.854599905898795
136	6.8	-0.064936219714582	0.854599905898795
137	6.85	-0.064936219714582	0.853310233913362
138	6.9	-0.0610672037582844	0.85202056192793
139	6.95	-0.0597775317728519	0.85202056192793
140	7	-0.0610672037582844	0.850730889942497
141	7.05	-0.0559085158165544	0.849441217957065
142	7.1	-0.0571981878019869	0.848151545971632
143	7.15	-0.0507498278748244	0.848151545971632
144	7.2	-0.0481704839039594	0.845572202000767
145	7.25	-0.0430117959622294	0.844282530015334
146	7.3	-0.0417221239767969	0.842992858029902
147	7.35	-0.0404324519913644	0.842992858029902
148	7.4	-0.0391427800059319	0.841703186044469
149	7.45	-0.0378531080204993	0.840413514059037
150	7.5	-0.0378531080204993	0.839123842073604
151	7.55	-0.0352737640496343	0.837834170088172
152	7.6	-0.0365634360350668	0.836544498102739
153	7.65	-0.0339840920642018	0.836544498102739
154	7.7	-0.0352737640496343	0.835254826117307
155	7.75	-0.0339840920642018	0.833965154131874
156	7.8	-0.0391427800059319	0.831385810161009
157	7.85	-0.0417221239767969	0.830096138175577
158	7.9	-0.0443014679476619	0.830096138175577
159	7.95	-0.0455911399330944	0.828806466190144
160	8	-0.0494601558893919	0.827516794204712
161	8.05	-0.0494601558893919	0.826227122219279
162	8.1	-0.0546188438311219	0.824937450233847
163	8.15	-0.0546188438311219	0.823647778248414
164	8.2	-0.0584878597874194	0.822358106262982
165	8.25	-0.0571981878019869	0.821068434277549
166	8.3	-0.062356875743717	0.819778762292117
167	8.35	-0.0597775317728519	0.818489090306684
168	8.4	-0.0597775317728519	0.817199418321252
169	8.45	-0.0571981878019869	0.815909746335819
170	8.5	-0.0597775317728519	0.814620074350387
171	8.55	-0.0571981878019869	0.814620074350387
172	8.6	-0.0584878597874194	0.813330402364954
173	8.65	-0.0546188438311219	0.812040730379522
174	8.7	-0.0546188438311219	0.810751058394089
175	8.75	-0.0546188438311219	0.810751058394089
176	8.8	-0.0520394998602569	0.809461386408657
177	8.85	-0.0507498278748244	0.809461386408657
178	8.9	-0.0481704839039594	0.808171714423224
179	8.95	-0.0443014679476619	0.806882042437792
180	9	-0.0443014679476619	0.805592370452359
181	9.05	-0.0391427800059319	0.805592370452359
182	9.1	-0.0378531080204993	0.804302698466927
183	9.15	-0.0352737640496343	0.803013026481494
184	9.2	-0.0339840920642018	0.803013026481494
185	9.25	-0.0301150761079043	0.801723354496062
186	9.3	-0.0326944200787693	0.800433682510629
187	9.35	-0.0301150761079043	0.799144010525197
188	9.4	-0.0339840920642018	0.797854338539764
189	9.45	-0.0339840920642018	0.796564666554332
190	9.5	-0.0443014679476619	0.796564666554332
191	9.55	-0.0455911399330944	0.795274994568899
192	9.6	-0.0507498278748244	0.793985322583467
193	9.65	-0.0559085158165544	0.792695650598034
194	9.7	-0.062356875743717	0.791405978612602
195	9.75	-0.062356875743717	0.790116306627169
196	9.8	-0.070094907656312	0.790116306627169
197	9.85	-0.077832939568907	0.788826634641737
198	9.9	-0.0855709714815021	0.787536962656304
199	9.95	-0.0894399874377996	0.786247290670872
200	10	-0.0933090033940971	0.784957618685439
201	10.05	-0.0945986753795296	0.784957618685439
202	10.1	-0.0997573633212596	0.782378274714574
203	10.15	-0.0971780193503946	0.781088602729142
204	10.2	-0.101047035306692	0.781088602729142
205	10.25	-0.0958883473649621	0.778509258758277
206	10.3	-0.0907296594232321	0.778509258758277
207	10.35	-0.0920193314086646	0.777219586772844
208	10.4	-0.0842812994960696	0.775929914787412
209	10.45	-0.080412283539772	0.775929914787412
210	10.5	-0.077832939568907	0.774640242801979
211	10.55	-0.0688052356708795	0.773350570816547
212	10.6	-0.0636465477291495	0.772060898831114
213	10.65	-0.0571981878019869	0.770771226845682
214	10.7	-0.0520394998602569	0.769481554860249
215	10.75	-0.0430117959622294	0.768191882874817
216	10.8	-0.0404324519913644	0.768191882874817
217	10.85	-0.0365634360350668	0.766902210889384
218	10.9	-0.0352737640496343	0.765612538903952
219	10.95	-0.0301150761079043	0.764322866918519
220	11	-0.0301150761079043	0.763033194933087
221	11.05	-0.0275357321370393	0.763033194933087
222	11.1	-0.0275357321370393	0.760453850962222
223	11.15	-0.0288254041224718	0.759164178976789
224	11.2	-0.0301150761079043	0.757874506991357
225	11.25	-0.0314047480933368	0.756584835005924
226	11.3	-0.0365634360350668	0.755295163020492
227	11.35	-0.0391427800059319	0.754005491035059
228	11.4	-0.0417221239767969	0.752715819049627
229	11.45	-0.0430117959622294	0.751426147064194
230	11.5	-0.0468808119185269	0.750136475078762
231	11.55	-0.0468808119185269	0.750136475078762
232	11.6	-0.0481704839039594	0.747557131107897
233	11.65	-0.0455911399330944	0.747557131107897
234	11.7	-0.0494601558893919	0.746267459122464
235	11.75	-0.0481704839039594	0.744977787137032
236	11.8	-0.0507498278748244	0.744977787137032
237	11.85	-0.0481704839039594	0.743688115151599
238	11.9	-0.0507498278748244	0.742398443166167
239	11.95	-0.0507498278748244	0.741108771180734
240	12	-0.0468808119185269	0.741108771180734
241	12.05	-0.0481704839039594	0.739819099195302
242	12.1	-0.0468808119185269	0.738529427209869
243	12.15	-0.0430117959622294	0.737239755224437
244	12.2	-0.0417221239767969	0.737239755224437
245	12.25	-0.0378531080204993	0.735950083239004
246	12.3	-0.0365634360350668	0.734660411253572
247	12.35	-0.0326944200787693	0.733370739268139
248	12.4	-0.0326944200787693	0.732081067282706
249	12.45	-0.0301150761079043	0.732081067282706
250	12.5	-0.0288254041224718	0.729501723311841
251	12.55	-0.0288254041224718	0.729501723311841
252	12.6	-0.0288254041224718	0.728212051326409
253	12.65	-0.0301150761079043	0.726922379340976
254	12.7	-0.0326944200787693	0.725632707355544
255	12.75	-0.0339840920642018	0.724343035370111
256	12.8	-0.0378531080204993	0.724343035370111
257	12.85	-0.0378531080204993	0.723053363384679
258	12.9	-0.0391427800059319	0.721763691399246
259	12.95	-0.0417221239767969	0.721763691399246
260	13	-0.0443014679476619	0.719184347428381
261	13.05	-0.0468808119185269	0.719184347428381
262	13.1	-0.0494601558893919	0.717894675442949
263	13.15	-0.0520394998602569	0.716605003457516
264	13.2	-0.0546188438311219	0.715315331472084
265	13.25	-0.0494601558893919	0.715315331472084
266	13.3	-0.0559085158165544	0.714025659486651
267	13.35	-0.0507498278748244	0.711446315515786
268	13.4	-0.0455911399330944	0.710156643530354
269	13.45	-0.0455911399330944	0.708866971544921
270	13.5	-0.0468808119185269	0.708866971544921
271	13.55	-0.0443014679476619	0.706287627574056
272	13.6	-0.0443014679476619	0.704997955588624
273	13.65	-0.0455911399330944	0.703708283603191
274	13.7	-0.0481704839039594	0.702418611617759
275	13.75	-0.0468808119185269	0.701128939632326
276	13.8	-0.0520394998602569	0.699839267646894
277	13.85	-0.0571981878019869	0.698549595661461
278	13.9	-0.062356875743717	0.695970251690596
279	13.95	-0.070094907656312	0.695970251690596
280	14	-0.072674251627177	0.693390907719731
281	14.05	-0.0791226115543395	0.692101235734299
282	14.1	-0.0842812994960696	0.690811563748866
283	14.15	-0.0881503154523671	0.689521891763434
284	14.2	-0.0920193314086646	0.688232219778001
285	14.25	-0.0945986753795296	0.686942547792569
286	14.3	-0.0971780193503946	0.684363203821704
287	14.35	-0.0933090033940971	0.683073531836271
288	14.4	-0.0920193314086646	0.681783859850839
289	14.45	-0.0920193314086646	0.680494187865406
290	14.5	-0.0894399874377996	0.677914843894541
291	14.55	-0.0855709714815021	0.677914843894541
292	14.6	-0.0855709714815021	0.676625171909109
293	14.65	-0.080412283539772	0.675335499923676
294	14.7	-0.080412283539772	0.674045827938244
295	14.75	-0.0688052356708795	0.672756155952811
296	14.8	-0.064936219714582	0.671466483967379
297	14.85	-0.0584878597874194	0.668887139996514
298	14.9	-0.0520394998602569	0.667597468011081
299	14.95	-0.0430117959622294	0.666307796025649
300	15	-0.0391427800059319	0.665018124040216
301	15.05	-0.0352737640496343	0.662438780069351
302	15.1	-0.0378531080204993	0.661149108083919
303	15.15	-0.0378531080204993	0.658569764113054
304	15.2	-0.0391427800059319	0.657280092127621
305	15.25	-0.0404324519913644	0.654700748156756
306	15.3	-0.0443014679476619	0.653411076171324
307	15.35	-0.0455911399330944	0.653411076171324
308	15.4	-0.0533291718456894	0.650831732200459
309	15.45	-0.0636465477291495	0.649542060215026
310	15.5	-0.0688052356708795	0.648252388229594
311	15.55	-0.075253595598042	0.645673044258729
312	15.6	-0.0817019555252045	0.645673044258729
313	15.65	-0.0881503154523671	0.643093700287864
314	15.7	-0.0933090033940971	0.641804028302431
315	15.75	-0.0907296594232321	0.640514356316999
316	15.8	-0.0920193314086646	0.639224684331566
317	15.85	-0.0894399874377996	0.637935012346134
318	15.9	-0.0881503154523671	0.636645340360701
319	15.95	-0.0765432675834745	0.635355668375269
320	16	-0.072674251627177	0.634065996389836
321	16.05	-0.0636465477291495	0.632776324404404
322	16.1	-0.0559085158165544	0.630196980433539
323	16.15	-0.0494601558893919	0.628907308448106
324	16.2	-0.0443014679476619	0.627617636462674
325	16.25	-0.0417221239767969	0.626327964477241
326	16.3	-0.0443014679476619	0.623748620506376
327	16.35	-0.0455911399330944	0.622458948520944
328	16.4	-0.0533291718456894	0.621169276535511
329	16.45	-0.067515563685447	0.619879604550079
330	16.5	-0.0817019555252045	0.618589932564646
331	16.55	-0.0958883473649621	0.616010588593781
332	16.6	-0.116523099131882	0.614720916608348
333	16.65	-0.13586817891337	0.613431244622916
334	16.7	-0.152633914723992	0.610851900652051
335	16.75	-0.17197899450548	0.609562228666618
336	16.8	-0.18229637038894	0.608272556681186
337	16.85	-0.181006698403507	0.605693212710321
338	16.9	-0.193903418257833	0.604403540724888
339	16.95	-0.191324074286968	0.603113868739456
340	17	-0.193903418257833	0.601824196754023
341	17.05	-0.1926137462724	0.600534524768591
342	17.1	-0.186165386345237	0.599244852783158
343	17.15	-0.173268666490912	0.597955180797726
344	17.2	-0.16682030656375	0.596665508812293
345	17.25	-0.152633914723992	0.594086164841428
346	17.3	-0.129419818986207	0.594086164841428
347	17.35	-0.108785067219287	0.592796492855996
348	17.4	-0.0868606434669346	0.590217148885131
349	17.45	-0.0688052356708795	0.588927476899698
350	17.5	-0.0533291718456894	0.587637804914266
351	17.55	-0.0443014679476619	0.585058460943401
352	17.6	-0.0430117959622294	0.583768788957968
353	17.65	-0.0391427800059319	0.582479116972536
354	17.7	-0.0430117959622294	0.581189444987103
355	17.75	-0.0494601558893919	0.579899773001671
356	17.8	-0.0559085158165544	0.577320429030806
357	17.85	-0.0636465477291495	0.576030757045373
358	17.9	-0.0662258917000145	0.574741085059941
359	17.95	-0.0713845796417445	0.573451413074508
360	18	-0.080412283539772	0.572161741089076
361	18.05	-0.0855709714815021	0.570872069103643
362	18.1	-0.0945986753795296	0.569582397118211
363	18.15	-0.0997573633212596	0.568292725132778
364	18.2	-0.107495395233855	0.567003053147346
365	18.25	-0.106205723248422	0.565713381161913
366	18.3	-0.112654083175585	0.565713381161913
367	18.35	-0.10491605126299	0.563134037191048
368	18.4	-0.0984676913358271	0.561844365205616
369	18.45	-0.0920193314086646	0.561844365205616
370	18.5	-0.0842812994960696	0.559265021234751
371	18.55	-0.077832939568907	0.559265021234751
372	18.6	-0.0739639236126095	0.557975349249318
373	18.65	-0.062356875743717	0.556685677263886
374	18.7	-0.0571981878019869	0.555396005278453
375	18.75	-0.0520394998602569	0.552816661307588
376	18.8	-0.0494601558893919	0.551526989322156
377	18.85	-0.0430117959622294	0.550237317336723
378	18.9	-0.0391427800059319	0.550237317336723
379	18.95	-0.0365634360350668	0.548947645351291
380	19	-0.0378531080204993	0.547657973365858
381	19.05	-0.0404324519913644	0.546368301380426
382	19.1	-0.0468808119185269	0.545078629394993
383	19.15	-0.0571981878019869	0.543788957409561
384	19.2	-0.0636465477291495	0.542499285424128
385	19.25	-0.0713845796417445	0.541209613438696
386	19.3	-0.0868606434669346	0.538630269467831
387	19.35	-0.0997573633212596	0.538630269467831
388	19.4	-0.113943755161017	0.536050925496966
389	19.45	-0.122971459059045	0.534761253511533
390	19.5	-0.13070949097164	0.534761253511533
391	19.55	-0.13586817891337	0.532181909540668
392	19.6	-0.139737194869667	0.530892237555236
393	19.65	-0.142316538840532	0.529602565569803
394	19.7	-0.138447522884235	0.528312893584371
395	19.75	-0.138447522884235	0.527023221598938
396	19.8	-0.137157850898802	0.525733549613506
397	19.85	-0.124261131044477	0.524443877628073
398	19.9	-0.107495395233855	0.523154205642641
399	19.95	-0.0933090033940971	0.521864533657208
400	20	-0.0855709714815021	0.520574861671776
401	20.05	-0.0662258917000145	0.519285189686343
402	20.1	-0.0546188438311219	0.517995517700911
403	20.15	-0.0455911399330944	0.515416173730046
404	20.2	-0.0443014679476619	0.514126501744613
405	20.25	-0.0494601558893919	0.511547157773748
406	20.3	-0.0571981878019869	0.511547157773748
407	20.35	-0.067515563685447	0.508967813802883
408	20.4	-0.0765432675834745	0.507678141817451
409	20.45	-0.0933090033940971	0.506388469832018
410	20.5	-0.101047035306692	0.505098797846586
411	20.55	-0.117812771117315	0.503809125861153
412	20.6	-0.134578506927937	0.502519453875721
413	20.65	-0.147475226782262	0.501229781890288
414	20.7	-0.170689322520047	0.498650437919423
415	20.75	-0.184875714359805	0.498650437919423
416	20.8	-0.196482762228698	0.494781421963125
417	20.85	-0.199062106199563	0.494781421963125
418	20.9	-0.20293112215586	0.493491749977693
419	20.95	-0.191324074286968	0.49220207799226
420	21	-0.183586042374372	0.490912406006828
421	21.05	-0.17713768244721	0.489622734021395
422	21.1	-0.174558338476345	0.488333062035963
423	21.15	-0.15650293068029	0.485753718065098
424	21.2	-0.143606210825965	0.485753718065098
425	21.25	-0.13070949097164	0.484464046079665
426	21.3	-0.117812771117315	0.483174374094233
427	21.35	-0.106205723248422	0.4818847021088
428	21.4	-0.0945986753795296	0.4818847021088
429	21.45	-0.082991627510637	0.479305358137935
430	21.5	-0.070094907656312	0.478015686152503
431	21.55	-0.0636465477291495	0.478015686152503
432	21.6	-0.0610672037582844	0.47672601416707
433	21.65	-0.0494601558893919	0.475436342181638
434	21.7	-0.0494601558893919	0.474146670196205
435	21.75	-0.0507498278748244	0.472856998210773
436	21.8	-0.0507498278748244	0.472856998210773
437	21.85	-0.0520394998602569	0.470277654239908
438	21.9	-0.0597775317728519	0.468987982254475
439	21.95	-0.070094907656312	0.468987982254475
440	22	-0.082991627510637	0.467698310269043
441	22.05	-0.0920193314086646	0.465118966298178
442	22.1	-0.106205723248422	0.465118966298178
443	22.15	-0.111364411190152	0.462539622327313
444	22.2	-0.116523099131882	0.46124995034188
445	22.25	-0.119102443102747	0.459960278356448
446	22.3	-0.119102443102747	0.458670606371015
447	22.35	-0.113943755161017	0.457380934385583
448	22.4	-0.11523342714645	0.45609126240015
449	22.45	-0.116523099131882	0.454801590414718
450	22.5	-0.108785067219287	0.453511918429285
451	22.55	-0.102336707292125	0.453511918429285
452	22.6	-0.0933090033940971	0.45093257445842
453	22.65	-0.0855709714815021	0.45093257445842
454	22.7	-0.0662258917000145	0.448353230487555
455	22.75	-0.0584878597874194	0.447063558502123
456	22.8	-0.0546188438311219	0.447063558502123
457	22.85	-0.0520394998602569	0.44577388651669
458	22.9	-0.0481704839039594	0.443194542545825
459	22.95	-0.0468808119185269	0.441904870560393
460	23	-0.0494601558893919	0.44061519857496
461	23.05	-0.0584878597874194	0.439325526589528
462	23.1	-0.070094907656312	0.438035854604095
463	23.15	-0.0791226115543395	0.436746182618663
464	23.2	-0.0855709714815021	0.43545651063323
465	23.25	-0.0945986753795296	0.434166838647798
466	23.3	-0.11523342714645	0.432877166662365
467	23.35	-0.131999162957072	0.431587494676933
468	23.4	-0.138447522884235	0.429008150706068
469	23.45	-0.139737194869667	0.429008150706068
470	23.5	-0.150054570753127	0.427718478720635
471	23.55	-0.153923586709425	0.42513913474977
472	23.6	-0.160371946636587	0.42513913474977
473	23.65	-0.16166161862202	0.423849462764338
474	23.7	-0.153923586709425	0.422559790778905
475	23.75	-0.152633914723992	0.421270118793473
476	23.8	-0.13586817891337	0.41998044680804
477	23.85	-0.119102443102747	0.418690774822608
478	23.9	-0.101047035306692	0.416111430851743
479	23.95	-0.082991627510637	0.41482175886631
480	24	-0.0584878597874194	0.413532086880878
481	24.05	-0.0494601558893919	0.412242414895445
482	24.1	-0.0443014679476619	0.410952742910013
483	24.15	-0.0455911399330944	0.40966307092458
484	24.2	-0.0443014679476619	0.408373398939148
485	24.25	-0.0455911399330944	0.407083726953715
486	24.3	-0.0481704839039594	0.405794054968283
487	24.35	-0.0584878597874194	0.40450438298285
488	24.4	-0.0817019555252045	0.403214710997418
489	24.45	-0.0984676913358271	0.401925039011985
490	24.5	-0.121681787073612	0.400635367026553
491	24.55	-0.143606210825965	0.398056023055688
492	24.6	-0.168109978549182	0.396766351070255
493	24.65	-0.200351778184995	0.395476679084823
494	24.7	-0.23388324980624	0.39418700709939
495	24.75	-0.245490297675133	0.392897335113958
496	24.8	-0.255807673558593	0.391607663128525
497	24.85	-0.273863081354648	0.390317991143093
498	24.9	-0.273863081354648	0.38902831915766
499	24.95	-0.268704393412918	0.387738647172228
500	25	-0.266125049442053	0.386448975186795
501	25.05	-0.266125049442053	0.385159303201362
502	25.1	-0.24935931363143	0.385159303201362
503	25.15	-0.231303905835375	0.38386963121593
504	25.2	-0.191324074286968	0.381290287245065
505	25.25	-0.169399650534615	0.382579959230497
506	25.3	-0.16166161862202	0.380000615259632
507	25.35	-0.134578506927937	0.3787109432742
508	25.4	-0.102336707292125	0.377421271288767
509	25.45	-0.082991627510637	0.376131599303335
510	25.5	-0.064936219714582	0.374841927317902
511	25.55	-0.0571981878019869	0.37355225533247
512	25.6	-0.0533291718456894	0.372262583347037
513	25.65	-0.0610672037582844	0.370972911361605
514	25.7	-0.075253595598042	0.369683239376172
515	25.75	-0.0945986753795296	0.36839356739074
516	25.8	-0.121681787073612	0.367103895405307
517	25.85	-0.155213258694857	0.365814223419875
518	25.9	-0.19777243421413	0.364524551434442
519	25.95	-0.242910953704268	0.36323487944901
520	26	-0.27515275334008	0.361945207463577
521	26.05	-0.302235865034163	0.359365863492712
522	26.1	-0.328029304742813	0.359365863492712
523	26.15	-0.337057008640841	0.35807619150728
524	26.2	-0.355112416436896	0.356786519521847
525	26.25	-0.365429792320356	0.355496847536415
526	26.3	-0.384774872101843	0.354207175550982
527	26.35	-0.417016671737656	0.35291750356555
528	26.4	-0.435072079533711	0.35291750356555
529	26.45	-0.453127487329766	0.351627831580117
530	26.5	-0.449258471373469	0.350338159594685
531	26.55	-0.435072079533711	0.350338159594685
532	26.6	-0.420885687693954	0.349048487609252
533	26.65	-0.387354216072708	0.34775881562382
534	26.7	-0.351243400480598	0.346469143638387
535	26.75	-0.304815209005028	0.345179471652955
536	26.8	-0.242910953704268	0.343889799667522
537	26.85	-0.186165386345237	0.34260012768209
538	26.9	-0.1410268668551	0.341310455696657
539	26.95	-0.0984676913358271	0.340020783711225
540	27	-0.0817019555252045	0.338731111725792
541	27.05	-0.0713845796417445	0.33744143974036
542	27.1	-0.070094907656312	0.336151767754927
543	27.15	-0.0765432675834745	0.334862095769495
544	27.2	-0.0842812994960696	0.333572423784062
545	27.25	-0.101047035306692	0.333572423784062
546	27.3	-0.124261131044477	0.33228275179863
547	27.35	-0.15650293068029	0.330993079813197
548	27.4	-0.191324074286968	0.329703407827765
549	27.45	-0.226145217893645	0.328413735842332
550	27.5	-0.262256033485755	0.3271240638569
551	27.55	-0.321580944815651	0.325834391871467
552	27.6	-0.398961263941601	0.324544719886035
553	27.65	-0.460865519242361	0.323255047900602
554	27.7	-0.549852886237204	0.32196537591517
555	27.75	-0.623364189406857	0.320675703929737
556	27.8	-0.664633692940697	0.319386031944305
557	27.85	-0.720089588314295	0.318096359958872
558	27.9	-0.731696636183187	0.31680668797344
559	27.95	-0.726537948241457	0.315517015988007
560	28	-0.70719286845997	0.314227344002575
561	28.05	-0.674951068824157	0.312937672017142
562	28.1	-0.654316317057237	0.31164800003171
563	28.15	-0.622074517421424	0.310358328046277
564	28.2	-0.578225669916719	0.309068656060845
565	28.25	-0.536956166382879	0.307778984075412
566	28.3	-0.489238302921876	0.30648931208998
567	28.35	-0.437651423504576	0.305199640104547
568	28.4	-0.365429792320356	0.303909968119115
569	28.45	-0.26483537745662	0.302620296133682
570	28.5	-0.178427354432642	0.30133062414825
571	28.55	-0.126840475015342	0.300040952162817
572	28.6	-0.113943755161017	0.298751280177385
573	28.65	-0.122971459059045	0.297461608191952
574	28.7	-0.188744730316103	0.294882264221087
575	28.75	-0.25967668951489	0.293592592235655
576	28.8	-0.349953728495166	0.29101324826479
577	28.85	-0.447968799388036	0.29101324826479
578	28.9	-0.564039278076962	0.289723576279357
579	28.95	-0.68139942875132	0.288433904293925
580	29	-0.803918267367408	0.28585456032306
581	29.05	-0.914830058114603	0.284564888337627
582	29.1	-1.03734889673069	0.283275216352195
583	29.15	-1.06443200842477	0.281985544366762
584	29.2	-1.07217004033737	0.28069587238133
585	29.25	-1.04508692864329	0.278116528410465
586	29.3	-1.02058316092007	0.276826856425032
587	29.35	-0.987051689298823	0.2755371844396
588	29.4	-0.868401866639033	0.274247512454167
589	29.45	-0.812945971265435	0.272957840468735
590	29.5	-0.672371724853292	0.271668168483302
591	29.55	-0.536956166382879	0.270378496497869
592	29.6	-0.418306343723089	0.267799152527004
593	29.65	-0.313842912903056	0.266509480541572
594	29.7	-0.210669154068455	0.265219808556139
595	29.75	-0.173268666490912	0.263930136570707
596	29.8	-0.170689322520047	0.262640464585274
597	29.85	-0.21840718598105	0.260061120614409
598	29.9	-0.297077177092433	0.258771448628977
599	29.95	-0.401540607912466	0.257481776643544
600	30	-0.562749606091529	0.254902432672679
601	30.05	-0.690427132649347	0.253612760687247
602	30.1	-0.940623497823253	0.253612760687247
603	30.15	-1.32623542146757	0.251033416716382
604	30.2	-1.46294065192342	0.249743744730949
605	30.25	-1.60222522635013	0.247164400760084
606	30.3	-1.74022012879141	0.245874728774652
607	30.35	-1.79051733622327	0.245874728774652
608	30.4	-1.84468355961144	0.244585056789219
609	30.45	-1.88466339115985	0.242005712818354
610	30.5	-1.82533847982995	0.242005712818354
611	30.55	-1.76859291247092	0.240716040832922
612	30.6	-1.65123276179656	0.239426368847489
613	30.65	-1.42811950831674	0.236847024876624
614	30.7	-1.20371658285148	0.235557352891192
615	30.75	-1.0180038169492	0.234267680905759
616	30.8	-0.845187770901248	0.232978008920327
617	30.85	-0.787152531556785	0.231688336934894
618	30.9	-0.647867957130075	0.230398664949462
619	30.95	-0.447968799388036	0.229108992964029
620	31	-0.325449960771948	0.227819320978597
621	31.05	-0.273863081354648	0.226529648993164
622	31.1	-0.272573409369215	0.225239977007732
623	31.15	-0.295787505107	0.223950305022299
624	31.2	-0.361560776364058	0.222660633036867
625	31.25	-0.502135022776201	0.220081289066002
626	31.3	-0.771676467731595	0.220081289066002
627	31.35	-1.13794331159443	0.218791617080569
628	31.4	-1.63833604194224	0.217501945095137
629	31.45	-2.120673364494	0.216212273109704
630	31.5	-2.72166050970554	0.214922601124272
631	31.55	-3.2633227435872	0.213632929138839
632	31.6	-3.73018400231376	0.211053585167974
633	31.65	-4.22670771670528	0.209763913182542
634	31.7	-4.53880833717994	0.208474241197109
635	31.75	-4.80061175022274	0.207184569211677
636	31.8	-4.98116582818329	0.205894897226244
637	31.85	-5.04693909944035	0.203315553255379
638	31.9	-5.07402221113443	0.203315553255379
639	31.95	-4.89346813317388	0.202025881269947
640	32	-4.51301489747129	0.199446537299082
641	32.05	-4.00617380719632	0.198156865313649
642	32.1	-3.59347877185792	0.196867193328217
643	32.15	-3.0015193305444	0.195577521342784
644	32.2	-2.57979659130797	0.194287849357352
645	32.25	-2.15291516412981	0.192998177371919
646	32.3	-1.67831587349065	0.190418833401054
647	32.35	-1.38813967676833	0.189129161415622
648	32.4	-1.14955035946332	0.187839489430189
649	32.45	-1.10828085592948	0.186549817444757
650	32.5	-1.19984756689519	0.185260145459324
651	32.55	-1.62157030613162	0.183970473473892
652	32.6	-2.36313169775531	0.182680801488459
653	32.65	-3.58832008391619	0.181391129503027
654	32.7	-5.11271237069741	0.180101457517594
655	32.75	-6.56617269827984	0.178811785532162
656	32.8	-8.5600055877585	0.177522113546729
657	32.85	-10.1385640979279	0.176232441561297
658	32.9	-10.5783422449604	0.174942769575864
659	32.95	-10.5783422449604	0.173653097590432
660	33	-10.5783422449604	0.172363425604999
661	33.05	-10.5783422449604	0.171073753619567
662	33.1	-10.5783422449604	0.169784081634134
663	33.15	-10.5783422449604	0.168494409648702
664	33.2	-10.5783422449604	0.167204737663269
665	33.25	-10.5783422449604	0.165915065677837
666	33.3	-10.5783422449604	0.163335721706972
667	33.35	-10.5783422449604	0.163335721706972
668	33.4	-10.5783422449604	0.162046049721539
669	33.45	-10.5783422449604	0.160756377736107
670	33.5	-10.5783422449604	0.158177033765242
671	33.55	-10.5783422449604	0.156887361779809
672	33.6	-10.5783422449604	0.155597689794376
673	33.65	-10.5783422449604	0.154308017808944
674	33.7	-10.5783422449604	0.153018345823511
675	33.75	-10.5783422449604	0.150439001852646
676	33.8	-10.5783422449604	0.150439001852646
677	33.85	-10.5783422449604	0.149149329867214
678	33.9	-10.5783422449604	0.147859657881781
679	33.95	-10.5783422449604	0.146569985896349
680	34	-10.5783422449604	0.145280313910916
681	34.05	-10.5783422449604	0.142700969940051
682	34.1	-10.5783422449604	0.141411297954619
683	34.15	-10.5783422449604	0.140121625969186
684	34.2	-10.5783422449604	0.137542281998321
685	34.25	-10.5783422449604	0.136252610012889
686	34.3	-10.5783422449604	0.134962938027456
687	34.35	-10.5783422449604	0.133673266042024
688	34.4	-10.5783422449604	0.132383594056591
689	34.45	-10.5783422449604	0.131093922071159
690	34.5	-10.5783422449604	0.129804250085726
691	34.55	-10.5783422449604	0.128514578100294
692	34.6	-10.5783422449604	0.127224906114861
693	34.65	-10.5783422449604	0.125935234129429
694	34.7	-10.5783422449604	0.124645562143996
695	34.75	-10.5783422449604	0.123355890158564
696	34.8	-10.5783422449604	0.122066218173131
697	34.85	-10.5783422449604	0.120776546187699
698	34.9	-10.5783422449604	0.119486874202266
699	34.95	-10.5783422449604	0.118197202216834
700	35	-7.79651977238245	0.116907530231401
701	35.05	-5.66856099641882	0.116907530231401
702	35.1	-3.67472810694017	0.114328186260536
703	35.15	-2.45856742467731	0.113038514275104
704	35.2	-1.84855257556774	0.113038514275104
705	35.25	-1.42038147640415	0.110459170304239
706	35.3	-1.57256277068518	0.109169498318806
707	35.35	-1.97880944609642	0.107879826333374
708	35.4	-2.63525248668157	0.106590154347941
709	35.45	-3.30072323116474	0.104010810377076
710	35.5	-3.97264233557507	0.102721138391644
711	35.55	-4.53622899320908	0.101431466406211
712	35.6	-4.65100979991257	0.100141794420779
713	35.65	-4.68325159954838	0.0988521224353462
714	35.7	-4.78255634242669	0.0975624504499137
715	35.75	-4.78255634242669	0.0949831064790487
716	35.8	-4.62263701623306	0.0924037625081837
717	35.85	-4.45884867408313	0.0924037625081837
718	35.9	-4.05389167065732	0.0898244185373187
719	35.95	-3.50449140486307	0.0898244185373187
720	36	-2.94477376318537	0.0872450745664537
721	36.05	-2.3231518662069	0.0859554025810212
722	36.1	-1.8550009354949	0.0833760586101562
723	36.15	-1.36750492500141	0.0820863866247237
724	36.2	-0.998658737167716	0.0807967146392912
725	36.25	-0.72782762022689	0.0795070426538587
726	36.3	-0.500845350790769	0.0782173706684262
727	36.35	-0.342215696582571	0.0769276986829937
728	36.4	-0.263545705471188	0.0756380266975611
729	36.45	-0.231303905835375	0.0743483547121286
730	36.5	-0.226145217893645	0.0730586827266961
731	36.55	-0.255807673558593	0.0717690107412636
732	36.6	-0.312553240917623	0.0704793387558311
733	36.65	-0.382195528130978	0.0691896667703986
734	36.7	-0.438941095490009	0.0678999947849661
735	36.75	-0.496976334834471	0.0678999947849661
736	36.8	-0.601439765654504	0.0666103227995336
737	36.85	-0.793600891483948	0.0653206508141011
738	36.9	-0.958678905619308	0.0640309788286686
739	36.95	-1.15986773534678	0.0627413068432361
740	37	-1.3829809888266	0.0614516348578036
741	37.05	-1.55192801891826	0.0601619628723711
742	37.1	-1.69121259334497	0.0588722908869386
743	37.15	-1.7041093131993	0.0575826189015061
744	37.2	-1.69121259334497	0.0562929469160736
745	37.25	-1.6009355543647	0.0537136029452085
746	37.3	-1.48744441964664	0.052423930959776
747	37.35	-1.29399362183176	0.0511342589743435
748	37.4	-1.13020527968183	0.049844586988911
749	37.45	-0.943202841794118	0.0485549150034785
750	37.5	-0.762648763833568	0.047265243018046
751	37.55	-0.558880590135232	0.044685899047181
752	37.6	-0.316422256873921	0.0433962270617485
753	37.65	-0.25967668951489	0.042106555076316
754	37.7	-0.175848010461777	0.0408168830908835
755	37.75	-0.143606210825965	0.039527211105451
756	37.8	-0.148764898767695	0.036947867134586
757	37.85	-0.183586042374372	0.0356581951491535
758	37.9	-0.24935931363143	0.0330788511782885
759	37.95	-0.325449960771948	0.0330788511782885
760	38	-0.431203063577414	0.031789179192856
761	38.05	-0.507293710717931	0.0292098352219909
762	38.1	-0.579515341902152	0.0279201632365584
763	38.15	-0.625943533377722	0.0266304912511259
764	38.2	-0.682689100736752	0.0253408192656934
765	38.25	-0.725248276256025	0.0240511472802609
766	38.3	-0.802628595381975	0.0227614752948284
767	38.35	-0.869691538624465	0.0214718033093959
768	38.4	-0.887746946420521	0.0201821313239634
769	38.45	-0.892905634362251	0.0188924593385309
770	38.5	-0.847767114872113	0.0176027873530984
771	38.55	-0.791021547513083	0.0163131153676659
772	38.6	-0.723958604270592	0.0137337713968009
773	38.65	-0.631102221319452	0.0124440994113684
774	38.7	-0.557590918149799	0.0111544274259359
775	38.75	-0.467313879169524	0.00986475544050336
776	38.8	-0.379616184160113	0.00857508345507085
777	38.85	-0.329318976728246	0.00728541146963835
778	38.9	-0.260966361500323	0.00599573948420584
779	38.95	-0.219696857966483	0.00470606749877334
780	39	-0.165530634578317	0.00212672352790833
781	39.05	-0.129419818986207	0.00212672352790833
782	39.1	-0.116523099131882	0.00083705154247582
783	39.15	-0.119102443102747	-0.00174229242838919
784	39.2	-0.117812771117315	-0.0030319644138217
785	39.25	-0.11523342714645	-0.0030319644138217
786	39.3	-0.119102443102747	-0.0043216363992542
787	39.35	-0.122971459059045	-0.0043216363992542
788	39.4	-0.15650293068029	-0.00561130838468671
789	39.45	-0.211958826053888	-0.00690098037011921
790	39.5	-0.262256033485755	-0.00819065235555172
791	39.55	-0.307394552975893	-0.00948032434098423
792	39.6	-0.362850448349491	-0.0107699963264167
793	39.65	-0.428623719606549	-0.0120596683118492
794	39.7	-0.459575847256929	-0.0120596683118492
795	39.75	-0.485369286965579	-0.0146390122827142
796	39.8	-0.525349118513986	-0.0146390122827142
797	39.85	-0.556301246164367	-0.0159286842681468
798	39.9	-0.570487638004124	-0.0172183562535793
799	39.95	-0.585963701829314	-0.0185080282390118
800	40	-0.574356653960422	-0.0197977002244443
801	40.05	-0.571777309989557	-0.0197977002244443
802	40.1	-0.543404526310042	-0.0210873722098768
803	40.15	-0.499555678805336	-0.0223770441953093
804	40.2	-0.451837815344334	-0.0236667161807418
805	40.25	-0.356402088422328	-0.0236667161807418
806	40.3	-0.295787505107	-0.0249563881661743
807	40.35	-0.23904193774797	-0.0262460601516068
808	40.4	-0.188744730316103	-0.0275357321370393
809	40.45	-0.15650293068029	-0.0288254041224718
810	40.5	-0.134578506927937	-0.0301150761079043
811	40.55	-0.121681787073612	-0.0326944200787693
812	40.6	-0.116523099131882	-0.0326944200787693
813	40.65	-0.122971459059045	-0.0339840920642018
814	40.7	-0.133288834942505	-0.0365634360350668
815	40.75	-0.15134424273856	-0.0378531080204993
816	40.8	-0.164240962592885	-0.0391427800059319
817	40.85	-0.181006698403507	-0.0404324519913644
818	40.9	-0.201641450170428	-0.0417221239767969
819	40.95	-0.20808981009759	-0.0417221239767969
820	41	-0.214538170024753	-0.0443014679476619
821	41.05	-0.21840718598105	-0.0443014679476619
822	41.1	-0.224855545908213	-0.0443014679476619
823	41.15	-0.23388324980624	-0.0455911399330944
824	41.2	-0.23904193774797	-0.0455911399330944
825	41.25	-0.2442006256897	-0.0468808119185269
826	41.3	-0.25967668951489	-0.0468808119185269
827	41.35	-0.262256033485755	-0.0481704839039594
828	41.4	-0.28031144128181	-0.0494601558893919
829	41.45	-0.306104880990461	-0.0481704839039594
830	41.5	-0.322870616801083	-0.0494601558893919
831	41.55	-0.352533072466031	-0.0507498278748244
832	41.6	-0.368009136291221	-0.0520394998602569
833	41.65	-0.369298808276653	-0.0520394998602569
834	41.7	-0.360271104378626	-0.0533291718456894
835	41.75	-0.342215696582571	-0.0546188438311219
836	41.8	-0.299656521063298	-0.0559085158165544
837	41.85	-0.267414721427485	-0.0571981878019869
838	41.9	-0.242910953704268	-0.0584878597874194
839	41.95	-0.209379482083023	-0.0610672037582844
840	42	-0.175848010461777	-0.0610672037582844
841	42.05	-0.152633914723992	-0.062356875743717
842	42.1	-0.129419818986207	-0.0636465477291495
843	42.15	-0.108785067219287	-0.064936219714582
844	42.2	-0.0920193314086646	-0.0662258917000145
845	42.25	-0.0817019555252045	-0.067515563685447
846	42.3	-0.0739639236126095	-0.0688052356708795
847	42.35	-0.082991627510637	-0.070094907656312
848	42.4	-0.0971780193503946	-0.0713845796417445
849	42.45	-0.124261131044477	-0.0739639236126095
850	42.5	-0.14618555479683	-0.075253595598042
851	42.55	-0.181006698403507	-0.0765432675834745
852	42.6	-0.222276201937348	-0.0791226115543395
853	42.65	-0.242910953704268	-0.0817019555252045
854	42.7	-0.246779969660565	-0.082991627510637
855	42.75	-0.236462593777105	-0.0842812994960696
856	42.8	-0.227434889879078	-0.0868606434669346
857	42.85	-0.21324849803932	-0.0881503154523671
858	42.9	-0.204220794141293	-0.0907296594232321
859	42.95	-0.1926137462724	-0.0920193314086646
860	43	-0.175848010461777	-0.0933090033940971
861	43.05	-0.150054570753127	-0.0945986753795296
862	43.1	-0.12555080302991	-0.0971780193503946
863	43.15	-0.122971459059045	-0.0984676913358271
864	43.2	-0.108785067219287	-0.0997573633212596
865	43.25	-0.0945986753795296	-0.101047035306692
866	43.3	-0.082991627510637	-0.102336707292125
867	43.35	-0.075253595598042	-0.10491605126299
868	43.4	-0.067515563685447	-0.10491605126299
869	43.45	-0.0662258917000145	-0.106205723248422
870	43.5	-0.075253595598042	-0.108785067219287
871	43.55	-0.0842812994960696	-0.11007473920472
872	43.6	-0.0907296594232321	-0.111364411190152
873	43.65	-0.102336707292125	-0.112654083175585
874	43.7	-0.112654083175585	-0.113943755161017
875	43.75	-0.129419818986207	-0.11523342714645
876	43.8	-0.1410268668551	-0.116523099131882
877	43.85	-0.153923586709425	-0.117812771117315
878	43.9	-0.17197899450548	-0.119102443102747
879	43.95	-0.179717026418075	-0.12039211508818
880	44	-0.184875714359805	-0.12039211508818
881	44.05	-0.1926137462724	-0.122971459059045
882	44.1	-0.199062106199563	-0.124261131044477
883	44.15	-0.199062106199563	-0.124261131044477
884	44.2	-0.199062106199563	-0.12555080302991
885	44.25	-0.190034402301535	-0.126840475015342
886	44.3	-0.186165386345237	-0.128130147000775
887	44.35	-0.16682030656375	-0.129419818986207
888	44.4	-0.152633914723992	-0.131999162957072
889	44.45	-0.134578506927937	-0.131999162957072
890	44.5	-0.111364411190152	-0.134578506927937
891	44.55	-0.0958883473649621	-0.13586817891337
892	44.6	-0.0855709714815021	-0.137157850898802
893	44.65	-0.0842812994960696	-0.138447522884235
894	44.7	-0.0868606434669346	-0.1410268668551
895	44.75	-0.0920193314086646	-0.1410268668551
896	44.8	-0.0971780193503946	-0.143606210825965
897	44.85	-0.113943755161017	-0.144895882811397
898	44.9	-0.139737194869667	-0.14618555479683
899	44.95	-0.165530634578317	-0.147475226782262
900	45	-0.17713768244721	-0.150054570753127
901	45.05	-0.20293112215586	-0.15134424273856
902	45.1	-0.227434889879078	-0.152633914723992
903	45.15	-0.241621281718835	-0.155213258694857
904	45.2	-0.246779969660565	-0.15650293068029
905	45.25	-0.251938657602295	-0.15650293068029
906	45.3	-0.250648985616863	-0.159082274651155
907	45.35	-0.246779969660565	-0.160371946636587
908	45.4	-0.237752265762538	-0.162951290607452
909	45.45	-0.231303905835375	-0.162951290607452
910	45.5	-0.222276201937348	-0.165530634578317
911	45.55	-0.214538170024753	-0.16682030656375
912	45.6	-0.204220794141293	-0.168109978549182
913	45.65	-0.193903418257833	-0.169399650534615
914	45.7	-0.18745505833067	-0.170689322520047
915	45.75	-0.179717026418075	-0.170689322520047
916	45.8	-0.170689322520047	-0.173268666490912
917	45.85	-0.160371946636587	-0.174558338476345
918	45.9	-0.157792602665722	-0.175848010461777
919	45.95	-0.159082274651155	-0.17713768244721
920	46	-0.165530634578317	-0.17713768244721
921	46.05	-0.17713768244721	-0.179717026418075
922	46.1	-0.190034402301535	-0.181006698403507
923	46.15	-0.205510466126725	-0.18229637038894
924	46.2	-0.22356587392278	-0.183586042374372
925	46.25	-0.242910953704268	-0.186165386345237
926	46.3	-0.251938657602295	-0.18745505833067
927	46.35	-0.25967668951489	-0.188744730316103
928	46.4	-0.272573409369215	-0.190034402301535
929	46.45	-0.271283737383783	-0.1926137462724
930	46.5	-0.271283737383783	-0.1926137462724
931	46.55	-0.263545705471188	-0.195193090243265
932	46.6	-0.25451800157316	-0.196482762228698
933	46.65	-0.250648985616863	-0.19777243421413
934	46.7	-0.227434889879078	-0.199062106199563
935	46.75	-0.214538170024753	-0.200351778184995
936	46.8	-0.196482762228698	-0.20293112215586
937	46.85	-0.178427354432642	-0.205510466126725
938	46.9	-0.175848010461777	-0.205510466126725
939	46.95	-0.157792602665722	-0.20808981009759
940	47	-0.157792602665722	-0.209379482083023
941	47.05	-0.153923586709425	-0.210669154068455
942	47.1	-0.147475226782262	-0.211958826053888
943	47.15	-0.148764898767695	-0.21324849803932
944	47.2	-0.147475226782262	-0.214538170024753
945	47.25	-0.148764898767695	-0.214538170024753
946	47.3	-0.144895882811397	-0.217117513995618
947	47.35	-0.152633914723992	-0.21840718598105
948	47.4	-0.148764898767695	-0.219696857966483
949	47.45	-0.160371946636587	-0.220986529951915
950	47.5	-0.16166161862202	-0.220986529951915
951	47.55	-0.17197899450548	-0.22356587392278
952	47.6	-0.17197899450548	-0.224855545908213
953	47.65	-0.170689322520047	-0.226145217893645
954	47.7	-0.174558338476345	-0.227434889879078
955	47.75	-0.162951290607452	-0.22872456186451
956	47.8	-0.15650293068029	-0.231303905835375
957	47.85	-0.15134424273856	-0.232593577820808
958	47.9	-0.138447522884235	-0.23388324980624
959	47.95	-0.133288834942505	-0.235172921791673
960	48	-0.117812771117315	-0.237752265762538
961	48.05	-0.113943755161017	-0.240331609733403
962	48.1	-0.10491605126299	-0.240331609733403
963	48.15	-0.102336707292125	-0.242910953704268
964	48.2	-0.0933090033940971	-0.245490297675133
965	48.25	-0.0842812994960696	-0.245490297675133
966	48.3	-0.082991627510637	-0.248069641645998
967	48.35	-0.0817019555252045	-0.24935931363143
968	48.4	-0.0791226115543395	-0.250648985616863
969	48.45	-0.0817019555252045	-0.253228329587728
970	48.5	-0.0842812994960696	-0.25451800157316
971	48.55	-0.0920193314086646	-0.255807673558593
972	48.6	-0.0907296594232321	-0.257097345544025
973	48.65	-0.0984676913358271	-0.258387017529458
974	48.7	-0.103626379277557	-0.25967668951489
975	48.75	-0.106205723248422	-0.260966361500323
976	48.8	-0.112654083175585	-0.262256033485755
977	48.85	-0.112654083175585	-0.263545705471188
978	48.9	-0.113943755161017	-0.26483537745662
979	48.95	-0.12555080302991	-0.266125049442053
980	49	-0.121681787073612	-0.267414721427485
981	49.05	-0.12039211508818	-0.268704393412918
982	49.1	-0.12039211508818	-0.26999406539835
983	49.15	-0.122971459059045	-0.271283737383783
984	49.2	-0.119102443102747	-0.272573409369215
985	49.25	-0.11523342714645	-0.273863081354648
986	49.3	-0.106205723248422	-0.276442425325513
987	49.35	-0.0984676913358271	-0.276442425325513
988	49.4	-0.0868606434669346	-0.277732097310945
989	49.45	-0.0817019555252045	-0.279021769296378
990	49.5	-0.0739639236126095	-0.28031144128181
991	49.55	-0.070094907656312	-0.282890785252675
992	49.6	-0.0688052356708795	-0.284180457238108
993	49.65	-0.0636465477291495	-0.28547012922354
994	49.7	-0.067515563685447	-0.286759801208973
995	49.75	-0.0688052356708795	-0.288049473194405
996	49.8	-0.0713845796417445	-0.289339145179838
997	49.85	-0.0791226115543395	-0.29062881716527
998	49.9	-0.0907296594232321	-0.291918489150703
999	49.95	-0.0958883473649621	-0.293208161136135
1000	50	-0.102336707292125	-0.294497833121568
1001	50.05	-0.119102443102747	-0.297077177092433
1002	50.1	-0.137157850898802	-0.298366849077865
1003	50.15	-0.148764898767695	-0.299656521063298
1004	50.2	-0.157792602665722	-0.30094619304873
1005	50.25	-0.169399650534615	-0.302235865034163
1006	50.3	-0.17197899450548	-0.303525537019596
1007	50.35	-0.168109978549182	-0.304815209005028
1008	50.4	-0.170689322520047	-0.306104880990461
1009	50.45	-0.162951290607452	-0.308684224961326
1010	50.5	-0.153923586709425	-0.309973896946758
1011	50.55	-0.152633914723992	-0.311263568932191
1012	50.6	-0.14618555479683	-0.312553240917623
1013	50.65	-0.139737194869667	-0.313842912903056
1014	50.7	-0.133288834942505	-0.316422256873921
1015	50.75	-0.131999162957072	-0.316422256873921
1016	50.8	-0.12555080302991	-0.317711928859353
1017	50.85	-0.128130147000775	-0.319001600844786
1018	50.9	-0.129419818986207	-0.320291272830218
1019	50.95	-0.137157850898802	-0.321580944815651
1020	51	-0.134578506927937	-0.322870616801083
1021	51.05	-0.15134424273856	-0.324160288786516
1022	51.1	-0.152633914723992	-0.326739632757381
1023	51.15	-0.168109978549182	-0.326739632757381
1024	51.2	-0.178427354432642	-0.328029304742813
1025	51.25	-0.188744730316103	-0.330608648713678
1026	51.3	-0.201641450170428	-0.330608648713678
1027	51.35	-0.20808981009759	-0.333187992684543
1028	51.4	-0.21840718598105	-0.335767336655408
1029	51.45	-0.211958826053888	-0.337057008640841
1030	51.5	-0.209379482083023	-0.339636352611706
1031	51.55	-0.205510466126725	-0.340926024597138
1032	51.6	-0.191324074286968	-0.343505368568003
1033	51.65	-0.181006698403507	-0.346084712538868
1034	51.7	-0.174558338476345	-0.347374384524301
1035	51.75	-0.152633914723992	-0.349953728495166
1036	51.8	-0.14618555479683	-0.351243400480598
1037	51.85	-0.131999162957072	-0.353822744451463
1038	51.9	-0.122971459059045	-0.355112416436896
1039	51.95	-0.122971459059045	-0.357691760407761
1040	52	-0.116523099131882	-0.358981432393193
1041	52.05	-0.111364411190152	-0.360271104378626
1042	52.1	-0.108785067219287	-0.362850448349491
1043	52.15	-0.11007473920472	-0.362850448349491
1044	52.2	-0.106205723248422	-0.365429792320356
1045	52.25	-0.111364411190152	-0.366719464305788
1046	52.3	-0.108785067219287	-0.368009136291221
1047	52.35	-0.111364411190152	-0.370588480262086
1048	52.4	-0.112654083175585	-0.371878152247518
1049	52.45	-0.107495395233855	-0.373167824232951
1050	52.5	-0.11007473920472	-0.375747168203816
1051	52.55	-0.107495395233855	-0.377036840189248
1052	52.6	-0.10491605126299	-0.378326512174681
1053	52.65	-0.0971780193503946	-0.379616184160113
1054	52.7	-0.0933090033940971	-0.382195528130978
1055	52.75	-0.0907296594232321	-0.383485200116411
1056	52.8	-0.0855709714815021	-0.384774872101843
1057	52.85	-0.0817019555252045	-0.386064544087276
1058	52.9	-0.077832939568907	-0.387354216072708
1059	52.95	-0.0688052356708795	-0.389933560043573
1060	53	-0.0713845796417445	-0.391223232029006
1061	53.05	-0.0765432675834745	-0.391223232029006
1062	53.1	-0.0765432675834745	-0.393802575999871
1063	53.15	-0.0920193314086646	-0.395092247985303
1064	53.2	-0.0958883473649621	-0.397671591956168
1065	53.25	-0.111364411190152	-0.398961263941601
1066	53.3	-0.116523099131882	-0.400250935927033
1067	53.35	-0.128130147000775	-0.401540607912466
1068	53.4	-0.134578506927937	-0.404119951883331
1069	53.45	-0.143606210825965	-0.405409623868763
1070	53.5	-0.150054570753127	-0.406699295854196
1071	53.55	-0.159082274651155	-0.409278639825061
1072	53.6	-0.162951290607452	-0.410568311810493
1073	53.65	-0.164240962592885	-0.411857983795926
1074	53.7	-0.164240962592885	-0.413147655781358
1075	53.75	-0.164240962592885	-0.415726999752223
1076	53.8	-0.16166161862202	-0.417016671737656
1077	53.85	-0.159082274651155	-0.419596015708521
1078	53.9	-0.152633914723992	-0.419596015708521
1079	53.95	-0.143606210825965	-0.422175359679386
1080	54	-0.138447522884235	-0.423465031664819
1081	54.05	-0.133288834942505	-0.424754703650251
1082	54.1	-0.126840475015342	-0.426044375635684
1083	54.15	-0.12555080302991	-0.428623719606549
1084	54.2	-0.12039211508818	-0.428623719606549
1085	54.25	-0.117812771117315	-0.431203063577414
1086	54.3	-0.113943755161017	-0.433782407548279
1087	54.35	-0.111364411190152	-0.435072079533711
1088	54.4	-0.111364411190152	-0.436361751519144
1089	54.45	-0.108785067219287	-0.437651423504576
1090	54.5	-0.11007473920472	-0.438941095490009
1091	54.55	-0.111364411190152	-0.440230767475441
1092	54.6	-0.108785067219287	-0.442810111446306
1093	54.65	-0.108785067219287	-0.444099783431739
1094	54.7	-0.11007473920472	-0.445389455417171
1095	54.75	-0.103626379277557	-0.447968799388036
1096	54.8	-0.101047035306692	-0.449258471373469
1097	54.85	-0.0945986753795296	-0.450548143358901
1098	54.9	-0.0933090033940971	-0.451837815344334
1099	54.95	-0.0855709714815021	-0.453127487329766
1100	55	-0.080412283539772	-0.454417159315199
1101	55.05	-0.0765432675834745	-0.455706831300631
1102	55.1	-0.072674251627177	-0.456996503286064
1103	55.15	-0.0713845796417445	-0.459575847256929
1104	55.2	-0.070094907656312	-0.459575847256929
1105	55.25	-0.0662258917000145	-0.460865519242361
1106	55.3	-0.064936219714582	-0.462155191227794
1107	55.35	-0.064936219714582	-0.462155191227794
1108	55.4	-0.062356875743717	-0.463444863213226
1109	55.45	-0.0584878597874194	-0.464734535198659
1110	55.5	-0.0571981878019869	-0.466024207184091
1111	55.55	-0.0559085158165544	-0.467313879169524
1112	55.6	-0.0559085158165544	-0.468603551154956
1113	55.65	-0.0584878597874194	-0.469893223140389
1114	55.7	-0.0597775317728519	-0.471182895125821
1115	55.75	-0.062356875743717	-0.472472567111254
1116	55.8	-0.070094907656312	-0.473762239096686
1117	55.85	-0.075253595598042	-0.475051911082119
1118	55.9	-0.080412283539772	-0.476341583067551
1119	55.95	-0.0855709714815021	-0.477631255052984
1120	56	-0.0907296594232321	-0.478920927038416
1121	56.05	-0.0945986753795296	-0.480210599023849
1122	56.1	-0.0958883473649621	-0.481500271009281
1123	56.15	-0.10491605126299	-0.481500271009281
1124	56.2	-0.107495395233855	-0.482789942994714
1125	56.25	-0.124261131044477	-0.485369286965579
1126	56.3	-0.155213258694857	-0.485369286965579
1127	56.35	-0.138447522884235	-0.487948630936444
1128	56.4	-0.138447522884235	-0.489238302921876
1129	56.45	-0.134578506927937	-0.490527974907309
1130	56.5	-0.122971459059045	-0.493107318878174
1131	56.55	-0.124261131044477	-0.494396990863606
1132	56.6	-0.12039211508818	-0.495686662849039
1133	56.65	-0.117812771117315	-0.498266006819904
1134	56.7	-0.119102443102747	-0.499555678805336
1135	56.75	-0.117812771117315	-0.502135022776201
1136	56.8	-0.113943755161017	-0.503424694761634
1137	56.85	-0.119102443102747	-0.504714366747066
1138	56.9	-0.119102443102747	-0.506004038732499
1139	56.95	-0.119102443102747	-0.507293710717931
1140	57	-0.117812771117315	-0.508583382703364
1141	57.05	-0.117812771117315	-0.509873054688796
1142	57.1	-0.119102443102747	-0.509873054688796
1143	57.15	-0.117812771117315	-0.511162726674229
1144	57.2	-0.119102443102747	-0.512452398659661
1145	57.25	-0.117812771117315	-0.513742070645094
1146	57.3	-0.12039211508818	-0.515031742630526
1147	57.35	-0.11523342714645	-0.516321414615959
1148	57.4	-0.119102443102747	-0.517611086601391
1149	57.45	-0.117812771117315	-0.517611086601391
1150	57.5	-0.119102443102747	-0.518900758586824
1151	57.55	-0.116523099131882	-0.520190430572256
1152	57.6	-0.11007473920472	-0.520190430572256
1153	57.65	-0.103626379277557	-0.521480102557689
1154	57.7	-0.103626379277557	-0.522769774543121
1155	57.75	-0.0971780193503946	-0.524059446528554
1156	57.8	-0.0971780193503946	-0.525349118513986
1157	57.85	-0.0907296594232321	-0.526638790499419
1158	57.9	-0.0855709714815021	-0.527928462484851
1159	57.95	-0.082991627510637	-0.529218134470284
1160	58	-0.082991627510637	-0.530507806455716
1161	58.05	-0.0842812994960696	-0.533087150426582
1162	58.1	-0.0894399874377996	-0.533087150426582
1163	58.15	-0.0881503154523671	-0.534376822412014
1164	58.2	-0.0933090033940971	-0.536956166382879
1165	58.25	-0.107495395233855	-0.536956166382879
1166	58.3	-0.117812771117315	-0.539535510353744
1167	58.35	-0.128130147000775	-0.540825182339177
1168	58.4	-0.139737194869667	-0.542114854324609
1169	58.45	-0.14618555479683	-0.544694198295474
1170	58.5	-0.160371946636587	-0.544694198295474
1171	58.55	-0.16682030656375	-0.547273542266339
1172	58.6	-0.174558338476345	-0.548563214251772
1173	58.65	-0.174558338476345	-0.551142558222637
1174	58.7	-0.175848010461777	-0.551142558222637
1175	58.75	-0.173268666490912	-0.553721902193502
1176	58.8	-0.173268666490912	-0.555011574178934
1177	58.85	-0.165530634578317	-0.556301246164367
1178	58.9	-0.160371946636587	-0.557590918149799
1179	58.95	-0.150054570753127	-0.558880590135232
1180	59	-0.147475226782262	-0.561459934106097
1181	59.05	-0.134578506927937	-0.561459934106097
1182	59.1	-0.128130147000775	-0.562749606091529
1183	59.15	-0.116523099131882	-0.564039278076962
1184	59.2	-0.107495395233855	-0.566618622047827
1185	59.25	-0.0971780193503946	-0.567908294033259
1186	59.3	-0.0907296594232321	-0.569197966018692
1187	59.35	-0.080412283539772	-0.571777309989557
1188	59.4	-0.0842812994960696	-0.573066981974989
1189	59.45	-0.082991627510637	-0.574356653960422
1190	59.5	-0.0855709714815021	-0.576935997931287
1191	59.55	-0.0842812994960696	-0.579515341902152
1192	59.6	-0.0907296594232321	-0.579515341902152
1193	59.65	-0.0881503154523671	-0.582094685873017
1194	59.7	-0.0894399874377996	-0.584674029843882
1195	59.75	-0.0881503154523671	-0.585963701829314
1196	59.8	-0.0894399874377996	-0.587253373814747
1197	59.85	-0.0842812994960696	-0.589832717785612
1198	59.9	-0.0855709714815021	-0.591122389771044
1199	59.95	-0.0817019555252045	-0.592412061756477
1200	60	-0.0765432675834745	-0.593701733741909
1201	60.05	-0.0739639236126095	-0.594991405727342
1202	60.1	-0.072674251627177	-0.597570749698207
1203	60.15	-0.070094907656312	-0.598860421683639
1204	60.2	-0.0713845796417445	-0.600150093669072
1205	60.25	-0.0713845796417445	-0.601439765654504
1206	60.3	-0.0765432675834745	-0.602729437639937
1207	60.35	-0.0739639236126095	-0.604019109625369
1208	60.4	-0.080412283539772	-0.606598453596234
1209	60.45	-0.0842812994960696	-0.607888125581667
1210	60.5	-0.0894399874377996	-0.607888125581667
1211	60.55	-0.0933090033940971	-0.609177797567099
1212	60.6	-0.0997573633212596	-0.611757141537964
1213	60.65	-0.102336707292125	-0.613046813523397
1214	60.7	-0.107495395233855	-0.613046813523397
1215	60.75	-0.112654083175585	-0.615626157494262
1216	60.8	-0.116523099131882	-0.615626157494262
1217	60.85	-0.124261131044477	-0.618205501465127
1218	60.9	-0.122971459059045	-0.619495173450559
1219	60.95	-0.128130147000775	-0.620784845435992
1220	61	-0.126840475015342	-0.622074517421424
1221	61.05	-0.126840475015342	-0.623364189406857
1222	61.1	-0.126840475015342	-0.623364189406857
1223	61.15	-0.124261131044477	-0.624653861392289
1224	61.2	-0.124261131044477	-0.625943533377722
1225	61.25	-0.116523099131882	-0.627233205363154
1226	61.3	-0.121681787073612	-0.628522877348587
1227	61.35	-0.113943755161017	-0.629812549334019
1228	61.4	-0.116523099131882	-0.629812549334019
1229	61.45	-0.116523099131882	-0.631102221319452
1230	61.5	-0.117812771117315	-0.632391893304884
1231	61.55	-0.11523342714645	-0.633681565290317
1232	61.6	-0.117812771117315	-0.633681565290317
1233	61.65	-0.116523099131882	-0.633681565290317
1234	61.7	-0.113943755161017	-0.633681565290317
1235	61.75	-0.113943755161017	-0.633681565290317
1236	61.8	-0.112654083175585	-0.634971237275749
1237	61.85	-0.112654083175585	-0.634971237275749
1238	61.9	-0.11007473920472	-0.636260909261182
1239	61.95	-0.0997573633212596	-0.636260909261182
1240	62	-0.103626379277557	-0.636260909261182
1241	62.05	-0.0971780193503946	-0.637550581246614
1242	62.1	-0.0971780193503946	-0.637550581246614
1243	62.15	-0.0971780193503946	-0.638840253232047
1244	62.2	-0.0971780193503946	-0.640129925217479
1245	62.25	-0.0971780193503946	-0.638840253232047
1246	62.3	-0.101047035306692	-0.640129925217479
1247	62.35	-0.0997573633212596	-0.640129925217479
1248	62.4	-0.0984676913358271	-0.640129925217479
1249	62.45	-0.102336707292125	-0.641419597202912
1250	62.5	-0.0997573633212596	-0.641419597202912
1251	62.55	-0.0933090033940971	-0.641419597202912
1252	62.6	-0.0997573633212596	-0.641419597202912
1253	62.65	-0.0958883473649621	-0.641419597202912
1254	62.7	-0.101047035306692	-0.641419597202912
1255	62.75	-0.0971780193503946	-0.641419597202912
1256	62.8	-0.0997573633212596	-0.642709269188344
1257	62.85	-0.0984676913358271	-0.642709269188344
1258	62.9	-0.0997573633212596	-0.641419597202912
1259	62.95	-0.0958883473649621	-0.642709269188344
1260	63	-0.0971780193503946	-0.642709269188344
1261	63.05	-0.0945986753795296	-0.641419597202912
1262	63.1	-0.0971780193503946	-0.642709269188344
1263	63.15	-0.0971780193503946	-0.642709269188344
1264	63.2	-0.0971780193503946	-0.642709269188344
1265	63.25	-0.0984676913358271	-0.642709269188344
1266	63.3	-0.0971780193503946	-0.642709269188344
1267	63.35	-0.0971780193503946	-0.642709269188344
1268	63.4	-0.0868606434669346	-0.642709269188344
1269	63.45	-0.0894399874377996	-0.642709269188344
1270	63.5	-0.0920193314086646	-0.642709269188344
1271	63.55	-0.0881503154523671	-0.642709269188344
1272	63.6	-0.0894399874377996	-0.642709269188344
1273	63.65	-0.0855709714815021	-0.642709269188344
1274	63.7	-0.0894399874377996	-0.642709269188344
1275	63.75	-0.0881503154523671	-0.642709269188344
1276	63.8	-0.0894399874377996	-0.642709269188344
1277	63.85	-0.0868606434669346	-0.642709269188344
1278	63.9	-0.0933090033940971	-0.642709269188344
1279	63.95	-0.0881503154523671	-0.642709269188344
1280	64	-0.0868606434669346	-0.642709269188344
1281	64.05	-0.0881503154523671	-0.642709269188344
1282	64.1	-0.0907296594232321	-0.643998941173777
1283	64.15	-0.0907296594232321	-0.642709269188344
1284	64.2	-0.0920193314086646	-0.642709269188344
1285	64.25	-0.0945986753795296	-0.642709269188344
1286	64.3	-0.0971780193503946	-0.642709269188344
1287	64.35	-0.0971780193503946	-0.642709269188344
1288	64.4	-0.0945986753795296	-0.642709269188344
1289	64.45	-0.0933090033940971	-0.642709269188344
1290	64.5	-0.0958883473649621	-0.642709269188344
1291	64.55	-0.0958883473649621	-0.643998941173777
1292	64.6	-0.0945986753795296	-0.642709269188344
1293	64.65	-0.0971780193503946	-0.642709269188344
1294	64.7	-0.0958883473649621	-0.642709269188344
1295	64.75	-0.0958883473649621	-0.642709269188344
1296	64.8	-0.0958883473649621	-0.642709269188344
1297	64.85	-0.0933090033940971	-0.642709269188344
1298	64.9	-0.0971780193503946	-0.643998941173777
1299	64.95	-0.0958883473649621	-0.642709269188344
1300	65	-0.0984676913358271	-0.643998941173777
1301	65.05	-0.0933090033940971	-0.643998941173777
1302	65.1	-0.0971780193503946	-0.643998941173777
1303	65.15	-0.0945986753795296	-0.643998941173777
1304	65.2	-0.0971780193503946	-0.642709269188344
1305	65.25	-0.0907296594232321	-0.642709269188344
1306	65.3	-0.0933090033940971	-0.643998941173777
1307	65.35	-0.0907296594232321	-0.642709269188344
1308	65.4	-0.0933090033940971	-0.643998941173777
1309	65.45	-0.0933090033940971	-0.643998941173777
1310	65.5	-0.0945986753795296	-0.643998941173777
1311	65.55	-0.0933090033940971	-0.643998941173777
1312	65.6	-0.0958883473649621	-0.643998941173777
1313	65.65	-0.0933090033940971	-0.642709269188344
1314	65.7	-0.0971780193503946	-0.643998941173777
1315	65.75	-0.0958883473649621	-0.643998941173777
1316	65.8	-0.0958883473649621	-0.643998941173777
1317	65.85	-0.0945986753795296	-0.643998941173777
1318	65.9	-0.0945986753795296	-0.642709269188344
1319	65.95	-0.0945986753795296	-0.643998941173777
1320	66	-0.0945986753795296	-0.643998941173777
1321	66.05	-0.0958883473649621	-0.643998941173777
1322	66.1	-0.0997573633212596	-0.642709269188344
1323	66.15	-0.0958883473649621	-0.642709269188344
1324	66.2	-0.0971780193503946	-0.643998941173777
1325	66.25	-0.0958883473649621	-0.643998941173777
1326	66.3	-0.0971780193503946	-0.643998941173777
1327	66.35	-0.0971780193503946	-0.643998941173777
1328	66.4	-0.0984676913358271	-0.643998941173777
1329	66.45	-0.0971780193503946	-0.643998941173777
1330	66.5	-0.0958883473649621	-0.643998941173777
1331	66.55	-0.0933090033940971	-0.643998941173777
1332	66.6	-0.0984676913358271	-0.643998941173777
1333	66.65	-0.0907296594232321	-0.643998941173777
1334	66.7	-0.0971780193503946	-0.643998941173777
1335	66.75	-0.0920193314086646	-0.643998941173777
1336	66.8	-0.0945986753795296	-0.643998941173777
1337	66.85	-0.0920193314086646	-0.643998941173777
1338	66.9	-0.0920193314086646	-0.643998941173777
1339	66.95	-0.0945986753795296	-0.643998941173777
1340	67	-0.0920193314086646	-0.643998941173777
1341	67.05	-0.0907296594232321	-0.643998941173777
1342	67.1	-0.0958883473649621	-0.643998941173777
1343	67.15	-0.0920193314086646	-0.643998941173777
1344	67.2	-0.0907296594232321	-0.643998941173777
1345	67.25	-0.0920193314086646	-0.643998941173777
1346	67.3	-0.0907296594232321	-0.643998941173777
1347	67.35	-0.0920193314086646	-0.643998941173777
1348	67.4	-0.0933090033940971	-0.643998941173777
1349	67.45	-0.0868606434669346	-0.643998941173777
1350	67.5	-0.0958883473649621	-0.643998941173777
1351	67.55	-0.0920193314086646	-0.645288613159209
1352	67.6	-0.0894399874377996	-0.643998941173777
1353	67.65	-0.0907296594232321	-0.643998941173777
1354	67.7	-0.0920193314086646	-0.643998941173777
1355	67.75	-0.0907296594232321	-0.643998941173777
1356	67.8	-0.0868606434669346	-0.643998941173777
1357	67.85	-0.082991627510637	-0.643998941173777
1358	67.9	-0.0855709714815021	-0.643998941173777
1359	67.95	-0.0907296594232321	-0.645288613159209
1360	68	-0.082991627510637	-0.643998941173777
1361	68.05	-0.0855709714815021	-0.643998941173777
1362	68.1	-0.0907296594232321	-0.643998941173777
1363	68.15	-0.0868606434669346	-0.643998941173777
1364	68.2	-0.0881503154523671	-0.643998941173777
1365	68.25	-0.0881503154523671	-0.643998941173777
1366	68.3	-0.0920193314086646	-0.643998941173777
1367	68.35	-0.0881503154523671	-0.645288613159209
1368	68.4	-0.0907296594232321	-0.643998941173777
1369	68.45	-0.0881503154523671	-0.643998941173777
1370	68.5	-0.0894399874377996	-0.643998941173777
1371	68.55	-0.0920193314086646	-0.643998941173777
1372	68.6	-0.0945986753795296	-0.643998941173777
1373	68.65	-0.0894399874377996	-0.643998941173777
1374	68.7	-0.0920193314086646	-0.643998941173777
1375	68.75	-0.0881503154523671	-0.643998941173777
1376	68.8	-0.0933090033940971	-0.643998941173777
1377	68.85	-0.0894399874377996	-0.643998941173777
1378	68.9	-0.0933090033940971	-0.643998941173777
1379	68.95	-0.0920193314086646	-0.643998941173777
1380	69	-0.0933090033940971	-0.643998941173777
1381	69.05	-0.0920193314086646	-0.643998941173777
1382	69.1	-0.0933090033940971	-0.643998941173777
1383	69.15	-0.0907296594232321	-0.643998941173777
1384	69.2	-0.0920193314086646	-0.643998941173777
1385	69.25	-0.0933090033940971	-0.643998941173777
1386	69.3	-0.0958883473649621	-0.643998941173777
1387	69.35	-0.0907296594232321	-0.643998941173777
1388	69.4	-0.0933090033940971	-0.642709269188344
1389	69.45	-0.0920193314086646	-0.643998941173777
1390	69.5	-0.0907296594232321	-0.643998941173777
1391	69.55	-0.0920193314086646	-0.642709269188344
1392	69.6	-0.0920193314086646	-0.643998941173777
1393	69.65	-0.0920193314086646	-0.642709269188344
1394	69.7	-0.0920193314086646	-0.643998941173777
1395	69.75	-0.0920193314086646	-0.643998941173777
1396	69.8	-0.0907296594232321	-0.642709269188344
1397	69.85	-0.0933090033940971	-0.643998941173777
1398	69.9	-0.0920193314086646	-0.643998941173777
1399	69.95	-0.0945986753795296	-0.642709269188344
1400	70	-0.0907296594232321	-0.643998941173777
1401	70.05	-0.0958883473649621	-0.643998941173777
1402	70.1	-0.0933090033940971	-0.643998941173777
1403	70.15	-0.0933090033940971	-0.642709269188344
1404	70.2	-0.0920193314086646	-0.643998941173777
1405	70.25	-0.0933090033940971	-0.643998941173777
1406	70.3	-0.0920193314086646	-0.643998941173777
1407	70.35	-0.0894399874377996	-0.643998941173777
1408	70.4	-0.0920193314086646	-0.643998941173777
1409	70.45	-0.0933090033940971	-0.643998941173777
1410	70.5	-0.0907296594232321	-0.642709269188344
1411	70.55	-0.0920193314086646	-0.643998941173777
1412	70.6	-0.0907296594232321	-0.643998941173777
1413	70.65	-0.0933090033940971	-0.643998941173777
1414	70.7	-0.0933090033940971	-0.643998941173777
1415	70.75	-0.0933090033940971	-0.642709269188344
1416	70.8	-0.0907296594232321	-0.643998941173777
1417	70.85	-0.0920193314086646	-0.643998941173777
1418	70.9	-0.0907296594232321	-0.642709269188344
1419	70.95	-0.0907296594232321	-0.642709269188344
1420	71	-0.0907296594232321	-0.643998941173777
1421	71.05	-0.0933090033940971	-0.642709269188344
1422	71.1	-0.0894399874377996	-0.642709269188344
1423	71.15	-0.0945986753795296	-0.643998941173777
1424	71.2	-0.0920193314086646	-0.643998941173777
1425	71.25	-0.0933090033940971	-0.643998941173777
1426	71.3	-0.0907296594232321	-0.642709269188344
1427	71.35	-0.0933090033940971	-0.643998941173777
1428	71.4	-0.0881503154523671	-0.643998941173777
1429	71.45	-0.0920193314086646	-0.642709269188344
1430	71.5	-0.0933090033940971	-0.643998941173777
1431	71.55	-0.0907296594232321	-0.642709269188344
1432	71.6	-0.0920193314086646	-0.642709269188344
1433	71.65	-0.0907296594232321	-0.643998941173777
1434	71.7	-0.0907296594232321	-0.643998941173777
1435	71.75	-0.0894399874377996	-0.643998941173777
1436	71.8	-0.0894399874377996	-0.642709269188344
1437	71.85	-0.0894399874377996	-0.642709269188344
1438	71.9	-0.0907296594232321	-0.643998941173777
1439	71.95	-0.0868606434669346	-0.643998941173777
1440	72	-0.077832939568907	-0.643998941173777
1441	72.05	-0.0791226115543395	-0.645288613159209
1442	72.1	-0.077832939568907	-0.645288613159209
1443	72.15	-0.077832939568907	-0.645288613159209
1444	72.2	-0.075253595598042	-0.646578285144642
1445	72.25	-0.0817019555252045	-0.647867957130075
1446	72.3	-0.075253595598042	-0.647867957130075
1447	72.35	-0.080412283539772	-0.649157629115507
1448	72.4	-0.082991627510637	-0.65044730110094
1449	72.45	-0.0894399874377996	-0.65044730110094
1450	72.5	-0.0868606434669346	-0.651736973086372
1451	72.55	-0.0971780193503946	-0.653026645071805
1452	72.6	-0.0997573633212596	-0.654316317057237
1453	72.65	-0.103626379277557	-0.654316317057237
1454	72.7	-0.103626379277557	-0.65560598904267
1455	72.75	-0.11523342714645	-0.656895661028102
1456	72.8	-0.112654083175585	-0.658185333013535
1457	72.85	-0.113943755161017	-0.659475004998967
1458	72.9	-0.11523342714645	-0.6607646769844
1459	72.95	-0.116523099131882	-0.662054348969832
1460	73	-0.11523342714645	-0.662054348969832
1461	73.05	-0.113943755161017	-0.662054348969832
1462	73.1	-0.11523342714645	-0.664633692940697
1463	73.15	-0.116523099131882	-0.664633692940697
1464	73.2	-0.112654083175585	-0.664633692940697
1465	73.25	-0.113943755161017	-0.66592336492613
1466	73.3	-0.11007473920472	-0.66592336492613
1467	73.35	-0.111364411190152	-0.667213036911562
1468	73.4	-0.108785067219287	-0.668502708896995
1469	73.45	-0.108785067219287	-0.668502708896995
1470	73.5	-0.102336707292125	-0.669792380882427
1471	73.55	-0.102336707292125	-0.67108205286786
1472	73.6	-0.0984676913358271	-0.672371724853292
1473	73.65	-0.0971780193503946	-0.673661396838725
1474	73.7	-0.0958883473649621	-0.673661396838725
1475	73.75	-0.0933090033940971	-0.674951068824157
1476	73.8	-0.0894399874377996	-0.67624074080959
1477	73.85	-0.0894399874377996	-0.67624074080959
1478	73.9	-0.0894399874377996	-0.677530412795022
1479	73.95	-0.0907296594232321	-0.678820084780455
1480	74	-0.0855709714815021	-0.680109756765887
1481	74.05	-0.0920193314086646	-0.68139942875132
1482	74.1	-0.0920193314086646	-0.68139942875132
1483	74.15	-0.0958883473649621	-0.682689100736752
1484	74.2	-0.0971780193503946	-0.682689100736752
1485	74.25	-0.0984676913358271	-0.683978772722185
1486	74.3	-0.0984676913358271	-0.685268444707617
1487	74.35	-0.0997573633212596	-0.685268444707617
1488	74.4	-0.0984676913358271	-0.685268444707617
1489	74.45	-0.0984676913358271	-0.685268444707617
1490	74.5	-0.101047035306692	-0.68655811669305
1491	74.55	-0.113943755161017	-0.687847788678482
1492	74.6	-0.116523099131882	-0.689137460663915
1493	74.65	-0.121681787073612	-0.690427132649347
1494	74.7	-0.122971459059045	-0.690427132649347
1495	74.75	-0.12555080302991	-0.693006476620212
1496	74.8	-0.129419818986207	-0.693006476620212
1497	74.85	-0.129419818986207	-0.694296148605645
1498	74.9	-0.13070949097164	-0.695585820591077
1499	74.95	-0.13070949097164	-0.69687549257651
1500	75	-0.131999162957072	-0.698165164561942
1501	75.05	-0.134578506927937	-0.699454836547375
1502	75.1	-0.126840475015342	-0.700744508532807
1503	75.15	-0.129419818986207	-0.70203418051824
1504	75.2	-0.12555080302991	-0.703323852503672
1505	75.25	-0.121681787073612	-0.704613524489105
1506	75.3	-0.117812771117315	-0.704613524489105
1507	75.35	-0.11523342714645	-0.70719286845997
1508	75.4	-0.106205723248422	-0.708482540445402
1509	75.45	-0.102336707292125	-0.709772212430835
1510	75.5	-0.101047035306692	-0.711061884416267
1511	75.55	-0.0971780193503946	-0.711061884416267
1512	75.6	-0.0933090033940971	-0.7123515564017
1513	75.65	-0.0945986753795296	-0.713641228387132
1514	75.7	-0.0920193314086646	-0.714930900372565
1515	75.75	-0.0933090033940971	-0.714930900372565
1516	75.8	-0.0894399874377996	-0.71751024434343
1517	75.85	-0.0881503154523671	-0.718799916328862
1518	75.9	-0.0945986753795296	-0.720089588314295
1519	75.95	-0.0984676913358271	-0.721379260299727
1520	76	-0.0984676913358271	-0.72266893228516
1521	76.05	-0.107495395233855	-0.723958604270592
1522	76.1	-0.107495395233855	-0.725248276256025
1523	76.15	-0.116523099131882	-0.726537948241457
1524	76.2	-0.117812771117315	-0.72782762022689
1525	76.25	-0.12039211508818	-0.730406964197755
1526	76.3	-0.119102443102747	-0.731696636183187
1527	76.35	-0.126840475015342	-0.73298630816862
1528	76.4	-0.122971459059045	-0.734275980154052
1529	76.45	-0.124261131044477	-0.735565652139485
1530	76.5	-0.119102443102747	-0.73814499611035
1531	76.55	-0.12039211508818	-0.739434668095782
1532	76.6	-0.119102443102747	-0.740724340081215
1533	76.65	-0.119102443102747	-0.740724340081215
1534	76.7	-0.113943755161017	-0.742014012066647
1535	76.75	-0.11007473920472	-0.74330368405208
1536	76.8	-0.11007473920472	-0.744593356037512
1537	76.85	-0.106205723248422	-0.745883028022945
1538	76.9	-0.101047035306692	-0.745883028022945
1539	76.95	-0.0971780193503946	-0.747172700008377
1540	77	-0.0971780193503946	-0.74846237199381
1541	77.05	-0.0907296594232321	-0.74846237199381
1542	77.1	-0.0868606434669346	-0.749752043979242
1543	77.15	-0.0881503154523671	-0.751041715964675
1544	77.2	-0.082991627510637	-0.752331387950107
1545	77.25	-0.082991627510637	-0.75362105993554
1546	77.3	-0.0855709714815021	-0.754910731920972
1547	77.35	-0.0855709714815021	-0.756200403906405
1548	77.4	-0.0817019555252045	-0.757490075891837
1549	77.45	-0.0907296594232321	-0.75877974787727
1550	77.5	-0.0920193314086646	-0.760069419862702
1551	77.55	-0.0958883473649621	-0.761359091848135
1552	77.6	-0.0958883473649621	-0.761359091848135
1553	77.65	-0.0997573633212596	-0.762648763833568
1554	77.7	-0.0997573633212596	-0.763938435819
1555	77.75	-0.107495395233855	-0.765228107804433
1556	77.8	-0.11007473920472	-0.765228107804433
1557	77.85	-0.113943755161017	-0.766517779789865
1558	77.9	-0.113943755161017	-0.767807451775298
1559	77.95	-0.113943755161017	-0.76909712376073
1560	78	-0.11523342714645	-0.770386795746163
1561	78.05	-0.119102443102747	-0.770386795746163
1562	78.1	-0.121681787073612	-0.772966139717028
1563	78.15	-0.124261131044477	-0.772966139717028
1564	78.2	-0.117812771117315	-0.77425581170246
1565	78.25	-0.12039211508818	-0.775545483687893
1566	78.3	-0.11523342714645	-0.776835155673325
1567	78.35	-0.117812771117315	-0.778124827658758
1568	78.4	-0.108785067219287	-0.778124827658758
1569	78.45	-0.101047035306692	-0.77941449964419
1570	78.5	-0.0958883473649621	-0.780704171629623
1571	78.55	-0.0907296594232321	-0.781993843615055
1572	78.6	-0.0894399874377996	-0.78457318758592
1573	78.65	-0.0868606434669346	-0.78457318758592
1574	78.7	-0.0791226115543395	-0.787152531556785
1575	78.75	-0.0791226115543395	-0.788442203542218
1576	78.8	-0.077832939568907	-0.78973187552765
1577	78.85	-0.0765432675834745	-0.791021547513083
1578	78.9	-0.075253595598042	-0.792311219498515
1579	78.95	-0.077832939568907	-0.793600891483948
1580	79	-0.075253595598042	-0.79489056346938
1581	79.05	-0.0791226115543395	-0.796180235454813
1582	79.1	-0.0817019555252045	-0.797469907440245
1583	79.15	-0.0842812994960696	-0.798759579425678
1584	79.2	-0.0855709714815021	-0.80004925141111
1585	79.25	-0.0894399874377996	-0.801338923396543
1586	79.3	-0.0894399874377996	-0.802628595381975
1587	79.35	-0.0933090033940971	-0.802628595381975
1588	79.4	-0.0945986753795296	-0.80520793935284
1589	79.45	-0.0997573633212596	-0.806497611338273
1590	79.5	-0.102336707292125	-0.806497611338273
1591	79.55	-0.10491605126299	-0.807787283323705
1592	79.6	-0.106205723248422	-0.809076955309138
1593	79.65	-0.112654083175585	-0.81036662729457
1594	79.7	-0.108785067219287	-0.811656299280003
1595	79.75	-0.11007473920472	-0.812945971265435
1596	79.8	-0.11007473920472	-0.814235643250868
1597	79.85	-0.108785067219287	-0.8155253152363
1598	79.9	-0.108785067219287	-0.8155253152363
1599	79.95	-0.111364411190152	-0.816814987221733
1600	80	-0.107495395233855	-0.818104659207165
1601	80.05	-0.111364411190152	-0.818104659207165
1602	80.1	-0.107495395233855	-0.819394331192598
1603	80.15	-0.10491605126299	-0.82068400317803
1604	80.2	-0.103626379277557	-0.82068400317803
1605	80.25	-0.10491605126299	-0.821973675163463
1606	80.3	-0.0997573633212596	-0.821973675163463
1607	80.35	-0.0984676913358271	-0.821973675163463
1608	80.4	-0.0920193314086646	-0.823263347148895
1609	80.45	-0.0894399874377996	-0.824553019134328
1610	80.5	-0.0855709714815021	-0.824553019134328
1611	80.55	-0.0868606434669346	-0.827132363105193
1612	80.6	-0.0842812994960696	-0.827132363105193
1613	80.65	-0.080412283539772	-0.828422035090625
1614	80.7	-0.0791226115543395	-0.829711707076058
1615	80.75	-0.080412283539772	-0.83100137906149
1616	80.8	-0.082991627510637	-0.832291051046923
1617	80.85	-0.0920193314086646	-0.833580723032355
1618	80.9	-0.0907296594232321	-0.834870395017788
1619	80.95	-0.0958883473649621	-0.83616006700322
1620	81	-0.0997573633212596	-0.837449738988653
1621	81.05	-0.0997573633212596	-0.838739410974085
1622	81.1	-0.0971780193503946	-0.840029082959518
1623	81.15	-0.107495395233855	-0.84131875494495
1624	81.2	-0.106205723248422	-0.842608426930383
1625	81.25	-0.11007473920472	-0.843898098915815
1626	81.3	-0.106205723248422	-0.843898098915815
1627	81.35	-0.106205723248422	-0.845187770901248
1628	81.4	-0.108785067219287	-0.84647744288668
1629	81.45	-0.107495395233855	-0.84647744288668
1630	81.5	-0.111364411190152	-0.84647744288668
1631	81.55	-0.117812771117315	-0.847767114872113
1632	81.6	-0.11523342714645	-0.849056786857545
1633	81.65	-0.122971459059045	-0.849056786857545
1634	81.7	-0.117812771117315	-0.850346458842978
1635	81.75	-0.121681787073612	-0.85163613082841
1636	81.8	-0.124261131044477	-0.85163613082841
1637	81.85	-0.121681787073612	-0.852925802813843
1638	81.9	-0.117812771117315	-0.852925802813843
1639	81.95	-0.122971459059045	-0.852925802813843
1640	82	-0.121681787073612	-0.854215474799275
1641	82.05	-0.12555080302991	-0.855505146784708
1642	82.1	-0.122971459059045	-0.855505146784708
1643	82.15	-0.126840475015342	-0.855505146784708
1644	82.2	-0.12039211508818	-0.85679481877014
1645	82.25	-0.122971459059045	-0.85679481877014
1646	82.3	-0.121681787073612	-0.858084490755573
1647	82.35	-0.122971459059045	-0.859374162741005
1648	82.4	-0.117812771117315	-0.859374162741005
1649	82.45	-0.121681787073612	-0.860663834726438
1650	82.5	-0.117812771117315	-0.860663834726438
1651	82.55	-0.121681787073612	-0.860663834726438
1652	82.6	-0.116523099131882	-0.86195350671187
1653	82.65	-0.117812771117315	-0.86195350671187
1654	82.7	-0.11523342714645	-0.86195350671187
1655	82.75	-0.11007473920472	-0.86195350671187
1656	82.8	-0.11007473920472	-0.863243178697303
1657	82.85	-0.107495395233855	-0.863243178697303
1658	82.9	-0.10491605126299	-0.864532850682735
1659	82.95	-0.103626379277557	-0.865822522668168
1660	83	-0.103626379277557	-0.865822522668168
1661	83.05	-0.102336707292125	-0.8671121946536
1662	83.1	-0.0997573633212596	-0.868401866639033
1663	83.15	-0.0971780193503946	-0.868401866639033
1664	83.2	-0.0933090033940971	-0.869691538624465
1665	83.25	-0.0894399874377996	-0.870981210609898
1666	83.3	-0.0933090033940971	-0.870981210609898
1667	83.35	-0.0920193314086646	-0.873560554580763
1668	83.4	-0.0894399874377996	-0.874850226566195
1669	83.45	-0.0945986753795296	-0.876139898551628
1670	83.5	-0.0920193314086646	-0.876139898551628
1671	83.55	-0.0907296594232321	-0.87742957053706
1672	83.6	-0.0920193314086646	-0.878719242522493
1673	83.65	-0.0920193314086646	-0.878719242522493
1674	83.7	-0.0933090033940971	-0.880008914507926
1675	83.75	-0.0958883473649621	-0.880008914507926
1676	83.8	-0.0933090033940971	-0.882588258478791
1677	83.85	-0.0958883473649621	-0.883877930464223
1678	83.9	-0.0933090033940971	-0.883877930464223
1679	83.95	-0.0945986753795296	-0.886457274435088
1680	84	-0.0933090033940971	-0.886457274435088
1681	84.05	-0.0945986753795296	-0.887746946420521
1682	84.1	-0.0933090033940971	-0.889036618405953
1683	84.15	-0.0920193314086646	-0.890326290391386
1684	84.2	-0.0907296594232321	-0.891615962376818
1685	84.25	-0.0907296594232321	-0.891615962376818
1686	84.3	-0.0855709714815021	-0.892905634362251
1687	84.35	-0.0855709714815021	-0.894195306347683
1688	84.4	-0.0817019555252045	-0.896774650318548
1689	84.45	-0.0842812994960696	-0.896774650318548
1690	84.5	-0.0791226115543395	-0.898064322303981
1691	84.55	-0.0817019555252045	-0.898064322303981
1692	84.6	-0.080412283539772	-0.899353994289413
1693	84.65	-0.0791226115543395	-0.900643666274846
1694	84.7	-0.075253595598042	-0.901933338260278
1695	84.75	-0.0765432675834745	-0.901933338260278
1696	84.8	-0.072674251627177	-0.904512682231143
1697	84.85	-0.075253595598042	-0.904512682231143
1698	84.9	-0.072674251627177	-0.905802354216576
1699	84.95	-0.0739639236126095	-0.907092026202008
1700	85	-0.0713845796417445	-0.907092026202008
1701	85.05	-0.0739639236126095	-0.908381698187441
1702	85.1	-0.070094907656312	-0.908381698187441
1703	85.15	-0.0739639236126095	-0.909671370172873
1704	85.2	-0.0739639236126095	-0.910961042158306
1705	85.25	-0.0739639236126095	-0.912250714143738
1706	85.3	-0.0765432675834745	-0.912250714143738
1707	85.35	-0.077832939568907	-0.913540386129171
1708	85.4	-0.0791226115543395	-0.913540386129171
1709	85.45	-0.077832939568907	-0.914830058114603
1710	85.5	-0.072674251627177	-0.914830058114603
1711	85.55	-0.0765432675834745	-0.916119730100036
1712	85.6	-0.0765432675834745	-0.916119730100036
1713	85.65	-0.080412283539772	-0.916119730100036
1714	85.7	-0.080412283539772	-0.917409402085468
1715	85.75	-0.0842812994960696	-0.918699074070901
1716	85.8	-0.0842812994960696	-0.918699074070901
1717	85.85	-0.0920193314086646	-0.918699074070901
1718	85.9	-0.0881503154523671	-0.919988746056333
1719	85.95	-0.0933090033940971	-0.919988746056333
1720	86	-0.0907296594232321	-0.921278418041766
1721	86.05	-0.0907296594232321	-0.921278418041766
1722	86.1	-0.0907296594232321	-0.921278418041766
1723	86.15	-0.0894399874377996	-0.921278418041766
1724	86.2	-0.0907296594232321	-0.922568090027198
1725	86.25	-0.0907296594232321	-0.922568090027198
1726	86.3	-0.0920193314086646	-0.922568090027198
1727	86.35	-0.0920193314086646	-0.923857762012631
1728	86.4	-0.0933090033940971	-0.923857762012631
1729	86.45	-0.0971780193503946	-0.923857762012631
1730	86.5	-0.0984676913358271	-0.925147433998063
1731	86.55	-0.103626379277557	-0.925147433998063
1732	86.6	-0.101047035306692	-0.925147433998063
1733	86.65	-0.103626379277557	-0.926437105983496
1734	86.7	-0.107495395233855	-0.926437105983496
1735	86.75	-0.106205723248422	-0.926437105983496
1736	86.8	-0.107495395233855	-0.927726777968928
1737	86.85	-0.106205723248422	-0.927726777968928
1738	86.9	-0.107495395233855	-0.929016449954361
1739	86.95	-0.10491605126299	-0.930306121939793
1740	87	-0.103626379277557	-0.930306121939793
1741	87.05	-0.107495395233855	-0.931595793925226
1742	87.1	-0.101047035306692	-0.932885465910658
1743	87.15	-0.103626379277557	-0.932885465910658
1744	87.2	-0.0997573633212596	-0.934175137896091
1745	87.25	-0.0945986753795296	-0.934175137896091
1746	87.3	-0.0945986753795296	-0.935464809881523
1747	87.35	-0.0933090033940971	-0.936754481866956
1748	87.4	-0.0842812994960696	-0.938044153852388
1749	87.45	-0.0842812994960696	-0.938044153852388
1750	87.5	-0.0817019555252045	-0.940623497823253
1751	87.55	-0.080412283539772	-0.941913169808686
1752	87.6	-0.0765432675834745	-0.941913169808686
1753	87.65	-0.072674251627177	-0.943202841794118
1754	87.7	-0.075253595598042	-0.944492513779551
1755	87.75	-0.077832939568907	-0.944492513779551
1756	87.8	-0.075253595598042	-0.945782185764983
1757	87.85	-0.075253595598042	-0.945782185764983
1758	87.9	-0.075253595598042	-0.947071857750416
1759	87.95	-0.0791226115543395	-0.949651201721281
1760	88	-0.0791226115543395	-0.949651201721281
1761	88.05	-0.080412283539772	-0.949651201721281
1762	88.1	-0.0791226115543395	-0.950940873706713
1763	88.15	-0.0842812994960696	-0.952230545692146
1764	88.2	-0.0842812994960696	-0.953520217677578
1765	88.25	-0.0945986753795296	-0.954809889663011
1766	88.3	-0.0881503154523671	-0.954809889663011
1767	88.35	-0.0971780193503946	-0.957389233633876
1768	88.4	-0.0945986753795296	-0.957389233633876
1769	88.45	-0.0997573633212596	-0.958678905619308
1770	88.5	-0.0958883473649621	-0.959968577604741
1771	88.55	-0.102336707292125	-0.961258249590173
1772	88.6	-0.0997573633212596	-0.961258249590173
1773	88.65	-0.101047035306692	-0.962547921575606
1774	88.7	-0.0997573633212596	-0.963837593561038
1775	88.75	-0.106205723248422	-0.965127265546471
1776	88.8	-0.10491605126299	-0.965127265546471
1777	88.85	-0.101047035306692	-0.966416937531903
1778	88.9	-0.0997573633212596	-0.967706609517336
1779	88.95	-0.102336707292125	-0.968996281502768
1780	89	-0.101047035306692	-0.970285953488201
1781	89.05	-0.0984676913358271	-0.970285953488201
1782	89.1	-0.0958883473649621	-0.971575625473633
1783	89.15	-0.0984676913358271	-0.972865297459066
1784	89.2	-0.0881503154523671	-0.972865297459066
1785	89.25	-0.0920193314086646	-0.974154969444498
1786	89.3	-0.0881503154523671	-0.975444641429931
1787	89.35	-0.0881503154523671	-0.975444641429931
1788	89.4	-0.0817019555252045	-0.976734313415363
1789	89.45	-0.0842812994960696	-0.978023985400796
1790	89.5	-0.0842812994960696	-0.978023985400796
1791	89.55	-0.0791226115543395	-0.979313657386228
1792	89.6	-0.0817019555252045	-0.980603329371661
1793	89.65	-0.077832939568907	-0.980603329371661
1794	89.7	-0.075253595598042	-0.980603329371661
1795	89.75	-0.077832939568907	-0.981893001357093
1796	89.8	-0.075253595598042	-0.983182673342526
1797	89.85	-0.0739639236126095	-0.983182673342526
1798	89.9	-0.0739639236126095	-0.984472345327958
1799	89.95	-0.075253595598042	-0.984472345327958
1800	90	-0.075253595598042	-0.985762017313391
1801	90.05	-0.075253595598042	-0.987051689298823
1802	90.1	-0.0739639236126095	-0.987051689298823
1803	90.15	-0.077832939568907	-0.988341361284256
1804	90.2	-0.072674251627177	-0.988341361284256
1805	90.25	-0.077832939568907	-0.989631033269688
1806	90.3	-0.0739639236126095	-0.990920705255121
1807	90.35	-0.0765432675834745	-0.992210377240553
1808	90.4	-0.0765432675834745	-0.992210377240553
1809	90.45	-0.0791226115543395	-0.993500049225986
1810	90.5	-0.077832939568907	-0.994789721211419
1811	90.55	-0.080412283539772	-0.994789721211419
1812	90.6	-0.080412283539772	-0.994789721211419
1813	90.65	-0.080412283539772	-0.996079393196851
1814	90.7	-0.0817019555252045	-0.997369065182284
1815	90.75	-0.080412283539772	-0.997369065182284
1816	90.8	-0.0817019555252045	-0.997369065182284
1817	90.85	-0.0791226115543395	-0.998658737167716
1818	90.9	-0.080412283539772	-0.999948409153149
1819	90.95	-0.0842812994960696	-1.00123808113858
1820	91	-0.082991627510637	-1.00123808113858
1821	91.05	-0.0842812994960696	-1.00252775312401
1822	91.1	-0.0817019555252045	-1.00381742510945
1823	91.15	-0.080412283539772	-1.00510709709488
1824	91.2	-0.0791226115543395	-1.00639676908031
1825	91.25	-0.080412283539772	-1.00768644106574
1826	91.3	-0.075253595598042	-1.00897611305118
1827	91.35	-0.075253595598042	-1.00897611305118
1828	91.4	-0.072674251627177	-1.01026578503661
1829	91.45	-0.0765432675834745	-1.01155545702204
1830	91.5	-0.0713845796417445	-1.01155545702204
1831	91.55	-0.0688052356708795	-1.01284512900747
1832	91.6	-0.064936219714582	-1.01413480099291
1833	91.65	-0.0662258917000145	-1.01542447297834
1834	91.7	-0.062356875743717	-1.01542447297834
1835	91.75	-0.064936219714582	-1.01671414496377
1836	91.8	-0.0584878597874194	-1.0180038169492
1837	91.85	-0.062356875743717	-1.01929348893464
1838	91.9	-0.0597775317728519	-1.01929348893464
1839	91.95	-0.062356875743717	-1.01929348893464
1840	92	-0.0584878597874194	-1.02058316092007
1841	92.05	-0.0610672037582844	-1.0218728329055
1842	92.1	-0.0597775317728519	-1.02316250489093
1843	92.15	-0.0610672037582844	-1.02316250489093
1844	92.2	-0.0610672037582844	-1.02445217687637
1845	92.25	-0.0597775317728519	-1.02445217687637
1846	92.3	-0.062356875743717	-1.0257418488618
1847	92.35	-0.062356875743717	-1.02703152084723
1848	92.4	-0.062356875743717	-1.02703152084723
1849	92.45	-0.070094907656312	-1.02832119283266
1850	92.5	-0.064936219714582	-1.0296108648181
1851	92.55	-0.070094907656312	-1.0296108648181
1852	92.6	-0.070094907656312	-1.03090053680353
1853	92.65	-0.070094907656312	-1.03219020878896
1854	92.7	-0.0739639236126095	-1.03347988077439
1855	92.75	-0.070094907656312	-1.03476955275983
1856	92.8	-0.0739639236126095	-1.03476955275983
1857	92.85	-0.0739639236126095	-1.03605922474526
1858	92.9	-0.072674251627177	-1.03734889673069
1859	92.95	-0.0739639236126095	-1.03863856871612
1860	93	-0.0739639236126095	-1.03992824070156
1861	93.05	-0.0765432675834745	-1.03992824070156
1862	93.1	-0.0713845796417445	-1.04121791268699
1863	93.15	-0.075253595598042	-1.04121791268699
1864	93.2	-0.072674251627177	-1.04250758467242
1865	93.25	-0.0739639236126095	-1.04379725665785
1866	93.3	-0.070094907656312	-1.04379725665785
1867	93.35	-0.0713845796417445	-1.04508692864329
1868	93.4	-0.0688052356708795	-1.04508692864329
1869	93.45	-0.070094907656312	-1.04637660062872
1870	93.5	-0.064936219714582	-1.04766627261415
1871	93.55	-0.0688052356708795	-1.04895594459958
1872	93.6	-0.064936219714582	-1.04895594459958
1873	93.65	-0.0688052356708795	-1.05024561658502
1874	93.7	-0.064936219714582	-1.05024561658502
1875	93.75	-0.067515563685447	-1.05153528857045
1876	93.8	-0.062356875743717	-1.05282496055588
1877	93.85	-0.062356875743717	-1.05282496055588
1878	93.9	-0.0610672037582844	-1.05282496055588
1879	93.95	-0.062356875743717	-1.05411463254131
1880	94	-0.0610672037582844	-1.05411463254131
1881	94.05	-0.0636465477291495	-1.05540430452675
1882	94.1	-0.0597775317728519	-1.05540430452675
1883	94.15	-0.062356875743717	-1.05540430452675
1884	94.2	-0.0597775317728519	-1.05669397651218
1885	94.25	-0.062356875743717	-1.05669397651218
1886	94.3	-0.0610672037582844	-1.05798364849761
1887	94.35	-0.064936219714582	-1.05798364849761
1888	94.4	-0.062356875743717	-1.05798364849761
1889	94.45	-0.0610672037582844	-1.05798364849761
1890	94.5	-0.0610672037582844	-1.05927332048304
1891	94.55	-0.0636465477291495	-1.05927332048304
1892	94.6	-0.0610672037582844	-1.06056299246848
1893	94.65	-0.064936219714582	-1.06056299246848
1894	94.7	-0.064936219714582	-1.06056299246848
1895	94.75	-0.064936219714582	-1.06314233643934
1896	94.8	-0.0636465477291495	-1.06314233643934
1897	94.85	-0.064936219714582	-1.06314233643934
1898	94.9	-0.0636465477291495	-1.06443200842477
1899	94.95	-0.0662258917000145	-1.06314233643934
1900	95	-0.064936219714582	-1.06443200842477
1901	95.05	-0.0662258917000145	-1.06443200842477
1902	95.1	-0.0662258917000145	-1.06443200842477
1903	95.15	-0.0662258917000145	-1.06443200842477
1904	95.2	-0.062356875743717	-1.06443200842477
1905	95.25	-0.067515563685447	-1.06572168041021
1906	95.3	-0.0688052356708795	-1.06572168041021
1907	95.35	-0.0662258917000145	-1.06701135239564
1908	95.4	-0.0713845796417445	-1.06830102438107
1909	95.45	-0.0713845796417445	-1.0695906963665
1910	95.5	-0.0713845796417445	-1.07088036835194
1911	95.55	-0.072674251627177	-1.07088036835194
1912	95.6	-0.070094907656312	-1.07217004033737
1913	95.65	-0.0739639236126095	-1.0734597123228
1914	95.7	-0.0713845796417445	-1.0734597123228
1915	95.75	-0.072674251627177	-1.07603905629367
1916	95.8	-0.0713845796417445	-1.0773287282791
1917	95.85	-0.0739639236126095	-1.0773287282791
1918	95.9	-0.0662258917000145	-1.07861840026453
1919	95.95	-0.0713845796417445	-1.07990807224996
1920	96	-0.0662258917000145	-1.0811977442354
1921	96.05	-0.067515563685447	-1.08248741622083
1922	96.1	-0.067515563685447	-1.08377708820626
1923	96.15	-0.0688052356708795	-1.08377708820626
1924	96.2	-0.0688052356708795	-1.08506676019169
1925	96.25	-0.0688052356708795	-1.08635643217713
1926	96.3	-0.064936219714582	-1.08635643217713
1927	96.35	-0.070094907656312	-1.08764610416256
1928	96.4	-0.064936219714582	-1.08764610416256
1929	96.45	-0.0688052356708795	-1.08893577614799
1930	96.5	-0.064936219714582	-1.09022544813342
1931	96.55	-0.070094907656312	-1.09022544813342
1932	96.6	-0.0688052356708795	-1.09151512011886
1933	96.65	-0.075253595598042	-1.09280479210429
1934	96.7	-0.070094907656312	-1.09409446408972
1935	96.75	-0.0739639236126095	-1.09538413607515
1936	96.8	-0.070094907656312	-1.09667380806059
1937	96.85	-0.072674251627177	-1.09796348004602
1938	96.9	-0.072674251627177	-1.09796348004602
1939	96.95	-0.0765432675834745	-1.09925315203145
1940	97	-0.0713845796417445	-1.10054282401688
1941	97.05	-0.0765432675834745	-1.10183249600232
1942	97.1	-0.072674251627177	-1.10183249600232
1943	97.15	-0.070094907656312	-1.10441183997318
1944	97.2	-0.070094907656312	-1.10441183997318
1945	97.25	-0.072674251627177	-1.10570151195861
1946	97.3	-0.0713845796417445	-1.10699118394405
1947	97.35	-0.0765432675834745	-1.10828085592948
1948	97.4	-0.070094907656312	-1.10828085592948
1949	97.45	-0.0713845796417445	-1.10957052791491
1950	97.5	-0.0713845796417445	-1.10957052791491
1951	97.55	-0.0713845796417445	-1.11086019990034
1952	97.6	-0.072674251627177	-1.11214987188578
1953	97.65	-0.072674251627177	-1.11343954387121
1954	97.7	-0.072674251627177	-1.11343954387121
1955	97.75	-0.0713845796417445	-1.11472921585664
1956	97.8	-0.070094907656312	-1.11601888784207
1957	97.85	-0.070094907656312	-1.11601888784207
1958	97.9	-0.0688052356708795	-1.11730855982751
1959	97.95	-0.072674251627177	-1.11859823181294
1960	98	-0.0662258917000145	-1.11859823181294
1961	98.05	-0.070094907656312	-1.11988790379837
1962	98.1	-0.0688052356708795	-1.1211775757838
1963	98.15	-0.0713845796417445	-1.1211775757838
1964	98.2	-0.0688052356708795	-1.12375691975467
1965	98.25	-0.0713845796417445	-1.12375691975467
1966	98.3	-0.0713845796417445	-1.1250465917401
1967	98.35	-0.080412283539772	-1.12633626372553
1968	98.4	-0.077832939568907	-1.12762593571097
1969	98.45	-0.080412283539772	-1.1289156076964
1970	98.5	-0.0842812994960696	-1.13020527968183
1971	98.55	-0.0842812994960696	-1.13149495166726
1972	98.6	-0.0855709714815021	-1.1327846236527
1973	98.65	-0.0855709714815021	-1.13407429563813
1974	98.7	-0.0842812994960696	-1.13536396762356
1975	98.75	-0.0894399874377996	-1.13665363960899
1976	98.8	-0.0868606434669346	-1.13794331159443
1977	98.85	-0.0920193314086646	-1.13794331159443
1978	98.9	-0.0881503154523671	-1.13923298357986
1979	98.95	-0.0881503154523671	-1.14052265556529
1980	99	-0.0868606434669346	-1.14052265556529
1981	99.05	-0.0894399874377996	-1.14181232755072
1982	99.1	-0.0842812994960696	-1.14310199953616
1983	99.15	-0.0881503154523671	-1.14439167152159
1984	99.2	-0.0842812994960696	-1.14439167152159
1985	99.25	-0.0868606434669346	-1.14568134350702
1986	99.3	-0.0842812994960696	-1.14697101549245
1987	99.35	-0.0881503154523671	-1.14697101549245
1988	99.4	-0.0842812994960696	-1.14826068747789
1989	99.45	-0.0842812994960696	-1.14826068747789
1990	99.5	-0.0868606434669346	-1.14955035946332
1991	99.55	-0.0855709714815021	-1.15084003144875
1992	99.6	-0.082991627510637	-1.15084003144875
1993	99.65	-0.0855709714815021	-1.15212970343418
1994	99.7	-0.0842812994960696	-1.15212970343418
1995	99.75	-0.0868606434669346	-1.15470904740505
1996	99.8	-0.082991627510637	-1.15341937541962
1997	99.85	-0.080412283539772	-1.15470904740505
1998	99.9	-0.0791226115543395	-1.15470904740505
1999	99.95	-0.080412283539772	-1.15599871939048
2000	100	-0.077832939568907	-1.15599871939048
2001	100.05	-0.080412283539772	-1.15728839137591
2002	100.1	-0.077832939568907	-1.15857806336135
2003	100.15	-0.080412283539772	-1.15857806336135
2004	100.2	-0.077832939568907	-1.15986773534678
2005	100.25	-0.077832939568907	-1.15986773534678
2006	100.3	-0.077832939568907	-1.16115740733221
2007	100.35	-0.0842812994960696	-1.16244707931764
2008	100.4	-0.080412283539772	-1.16244707931764
2009	100.45	-0.0855709714815021	-1.16244707931764
2010	100.5	-0.0817019555252045	-1.16373675130308
2011	100.55	-0.0855709714815021	-1.16373675130308
2012	100.6	-0.0855709714815021	-1.16502642328851
2013	100.65	-0.0894399874377996	-1.16631609527394
2014	100.7	-0.0933090033940971	-1.16631609527394
2015	100.75	-0.0971780193503946	-1.16889543924481
2016	100.8	-0.0997573633212596	-1.16889543924481
2017	100.85	-0.106205723248422	-1.17018511123024
2018	100.9	-0.106205723248422	-1.17147478321567
2019	100.95	-0.107495395233855	-1.1727644552011
2020	101	-0.107495395233855	-1.17405412718654
2021	101.05	-0.10491605126299	-1.17405412718654
2022	101.1	-0.108785067219287	-1.17534379917197
2023	101.15	-0.10491605126299	-1.1766334711574
2024	101.2	-0.106205723248422	-1.17792314314283
2025	101.25	-0.108785067219287	-1.17921281512827
2026	101.3	-0.107495395233855	-1.1805024871137
2027	101.35	-0.107495395233855	-1.1805024871137
2028	101.4	-0.10491605126299	-1.1805024871137
2029	101.45	-0.10491605126299	-1.18179215909913
2030	101.5	-0.107495395233855	-1.18179215909913
2031	101.55	-0.10491605126299	-1.18308183108456
2032	101.6	-0.107495395233855	-1.18308183108456
2033	101.65	-0.10491605126299	-1.18308183108456
2034	101.7	-0.0997573633212596	-1.18437150307
2035	101.75	-0.102336707292125	-1.18437150307
2036	101.8	-0.0958883473649621	-1.18695084704086
2037	101.85	-0.0958883473649621	-1.18695084704086
2038	101.9	-0.0881503154523671	-1.18695084704086
2039	101.95	-0.0907296594232321	-1.18824051902629
2040	102	-0.0907296594232321	-1.18953019101173
2041	102.05	-0.0881503154523671	-1.19081986299716
2042	102.1	-0.0855709714815021	-1.19210953498259
2043	102.15	-0.0868606434669346	-1.19339920696802
2044	102.2	-0.0855709714815021	-1.19339920696802
2045	102.25	-0.0842812994960696	-1.19468887895346
2046	102.3	-0.082991627510637	-1.19597855093889
2047	102.35	-0.0817019555252045	-1.19726822292432
2048	102.4	-0.077832939568907	-1.19726822292432
2049	102.45	-0.0842812994960696	-1.19855789490975
2050	102.5	-0.080412283539772	-1.19855789490975
2051	102.55	-0.0842812994960696	-1.19984756689519
2052	102.6	-0.0817019555252045	-1.20113723888062
2053	102.65	-0.082991627510637	-1.20113723888062
2054	102.7	-0.0765432675834745	-1.20242691086605
2055	102.75	-0.0817019555252045	-1.20371658285148
2056	102.8	-0.0791226115543395	-1.20500625483692
2057	102.85	-0.0817019555252045	-1.20629592682235
2058	102.9	-0.080412283539772	-1.20629592682235
2059	102.95	-0.080412283539772	-1.20758559880778
2060	103	-0.080412283539772	-1.20758559880778
2061	103.05	-0.0817019555252045	-1.20887527079321
2062	103.1	-0.080412283539772	-1.21016494277865
2063	103.15	-0.0791226115543395	-1.21016494277865
2064	103.2	-0.0791226115543395	-1.21016494277865
2065	103.25	-0.080412283539772	-1.21145461476408
2066	103.3	-0.075253595598042	-1.21145461476408
2067	103.35	-0.0765432675834745	-1.21145461476408
2068	103.4	-0.0739639236126095	-1.21145461476408
2069	103.45	-0.0791226115543395	-1.21145461476408
2070	103.5	-0.0739639236126095	-1.21274428674951
2071	103.55	-0.077832939568907	-1.21274428674951
2072	103.6	-0.0765432675834745	-1.21403395873494
2073	103.65	-0.077832939568907	-1.21403395873494
2074	103.7	-0.075253595598042	-1.21403395873494
2075	103.75	-0.080412283539772	-1.21403395873494
2076	103.8	-0.075253595598042	-1.21403395873494
2077	103.85	-0.0791226115543395	-1.21403395873494
2078	103.9	-0.0765432675834745	-1.21403395873494
2079	103.95	-0.0791226115543395	-1.21403395873494
2080	104	-0.0791226115543395	-1.21403395873494
2081	104.05	-0.0765432675834745	-1.21403395873494
2082	104.1	-0.075253595598042	-1.21403395873494
2083	104.15	-0.077832939568907	-1.21403395873494
2084	104.2	-0.0765432675834745	-1.21532363072038
